   0.00000000       1.00000000       1.00000000       2.26711893    
   1.99999996E-02   1.12566376      0.874336302       2.29101348    
   3.99999991E-02   1.23553610      0.732881188       2.29972339    
   6.00000024E-02   1.32763267      0.577619135       2.29425573    
   7.99999982E-02   1.40021849      0.410783887       2.27658010    
  0.100000001       1.45183909      0.234827235       2.24953699    
  0.119999997       1.48134840       5.23837507E-02   2.21668291    
  0.140000001       1.48793113     -0.133767992       2.18209171    
  0.159999996       1.47112131     -0.320746958       2.15011048    
  0.180000007       1.43081510     -0.505613506       2.12509370    
  0.200000018       1.36727786     -0.685415030       2.11112905    
  0.220000029       1.28114605     -0.857232213       2.11176872    
  0.240000039       1.17342305      -1.01822579       2.12978935    
  0.260000050       1.04546905      -1.16568244       2.16698956    
  0.280000061      0.898985028      -1.29706001       2.22404838    
  0.300000072      0.735991657      -1.41002977       2.30044365    
  0.320000052      0.558802068      -1.50251722       2.39445090    
  0.340000063      0.369990170      -1.57273841       2.50321221    
  0.360000074      0.172354028      -1.61923277       2.62288356    
  0.380000055      -3.11247706E-02  -1.64089143       2.74884796    
  0.400000066     -0.237325281      -1.63698018       2.87598348    
  0.420000076     -0.443034291      -1.60715699       2.99897289    
  0.440000087     -0.644995570      -1.55148363       3.11263537    
  0.460000098     -0.839960754      -1.47043109       3.21226072    
  0.480000108      -1.02474058      -1.36487854       3.29392242    
  0.500000119      -1.19625628      -1.23610580       3.35475302    
  0.520000100      -1.35158992      -1.08577979       3.39316034    
  0.540000141      -1.48803306     -0.915933967       3.40896940    
  0.560000122      -1.60313272     -0.728942215       3.40348125    
  0.580000162      -1.69473433     -0.527486622       3.37943459    
  0.600000143      -1.76102030     -0.314520001       3.34088159    
  0.620000184      -1.80054402      -9.32236463E-02   3.29297280    
  0.640000165      -1.81225884      0.133039400       3.24166536    
  0.660000145      -1.79554057      0.360774577       3.19337344    
  0.680000186      -1.75020432      0.586408854       3.15457463    
  0.700000167      -1.67651403      0.806346059       3.13140345    
  0.720000207      -1.57518554       1.01702309       3.12925243    
  0.740000188      -1.44738269       1.21496677       3.15240622    
  0.760000229      -1.29470539       1.39685023       3.20373654    
  0.780000210      -1.11917198       1.55954766       3.28447509    
  0.800000250     -0.923193455       1.70018697       3.39408517    
  0.820000231     -0.709541678       1.81619883       3.53023887    
  0.840000272     -0.481311381       1.90536249       3.68891025    
  0.860000253     -0.241876453       1.96584582       3.86457658    
  0.880000234       5.15903533E-03   1.99624097       4.05052137    
  0.900000274      0.256014109       1.99559271       4.23922396    
  0.920000255      0.506787658       1.96342099       4.42281199    
  0.940000296      0.753518462       1.89973617       4.59355068    
  0.960000277      0.992246389       1.80504620       4.74433613    
  0.980000317       1.21907520       1.68035686       4.86917162    
   1.00000036       1.43023515       1.52716339       4.96358013    
   1.02000034       1.62214422       1.34743476       5.02493763    
   1.04000032       1.79146791       1.14359009       5.05270290    
   1.06000030       1.93517566      0.918467581       5.04851675    
   1.08000028       2.05059361      0.675286233       5.01616859    
   1.10000038       2.13545251      0.417601019       4.96142769    
   1.12000036       2.18792987      0.149252117       4.89173746    
   1.14000034       2.20668554     -0.125691265       4.81580067    
   1.16000032       2.19089079     -0.402991563       4.74306917    
   1.18000042       2.14024925     -0.678307056       4.68316889    
   1.20000041       2.05501056     -0.947258711       4.64529610    
   1.22000039       1.93597448      -1.20549893       4.63762140    
   1.24000037       1.78448701      -1.44878066       4.66674042    
   1.26000035       1.60242784      -1.67302597       4.73720646    
   1.28000033       1.39218915      -1.87439299       4.85117912    
   1.30000031       1.15664601      -2.04934072       5.00821114    
   1.32000029      0.899118245      -2.19468927       5.20519543    
   1.34000039      0.623325467      -2.30767584       5.43647957    
   1.36000037      0.333334357      -2.38600516       5.69414330    
   1.38000035       3.35000753E-02  -2.42789316       5.96843052    
   1.40000033     -0.271597981      -2.43210292       6.24831343    
   1.42000043     -0.577225089      -2.39797282       6.52214718    
   1.44000041     -0.878563285      -2.32543659       6.77839565    
   1.46000040      -1.17078626      -2.21503305       7.00636530    
   1.48000038      -1.44913554      -2.06790781       7.19691181    
   1.50000048      -1.70899653      -1.88580406       7.34307051    
   1.52000046      -1.94597363      -1.67104518       7.44056988    
   1.54000044      -2.15596342      -1.42650688       7.48819160    
   1.56000042      -2.33522367      -1.15558052       7.48794031    
   1.58000040      -2.48043823     -0.862127662       7.44502735    
   1.60000050      -2.58877635     -0.550426602       7.36764050    
   1.62000048      -2.65794492     -0.225111365       7.26652431    
   1.64000046      -2.68623328      0.108895868       7.15437651    
   1.66000044      -2.67254901      0.446457922       7.04511166    
   1.68000054      -2.61644554      0.782300353       6.95301723    
   1.70000052      -2.51813889       1.11109257       6.89185905    
   1.72000051      -2.37851477       1.42753124       6.87399960    
   1.74000049      -2.19912577       1.72642422       6.90956593    
   1.76000047      -1.98217690       2.00277448       7.00573874    
   1.78000057      -1.73050082       2.25186229       7.16620827    
   1.80000055      -1.44752347       2.46932340       7.39082527    
   1.82000053      -1.13721919       2.65122461       7.67549896    
   1.84000051     -0.804056466       2.79413176       8.01232243    
   1.86000061     -0.452935487       2.89517260       8.38996696    
   1.88000059      -8.91173482E-02   2.95209026       8.79427814    
   1.90000057      0.281853288       2.96328902       9.20910072    
   1.92000055      0.654231191       2.92787027       9.61723137    
   1.94000053       1.02215827       2.84565711       10.0014858    
   1.96000063       1.37975407       2.71720886       10.3457832    
   1.98000062       1.72120857       2.54382372       10.6362095    
   2.00000072       2.04087496       2.32753038       10.8619719    
   2.02000070       2.33336115       2.07106638       11.0161762    
   2.04000068       2.59361911       1.77784753       11.0963993    
   2.06000066       2.81702995       1.45192373       11.1049871    
   2.08000064       2.99948406       1.09792531       11.0490541    
   2.10000062       3.13745356      0.720999002       10.9401903    
   2.12000060       3.22805691      0.326734930       10.7938728    
   2.14000058       3.26911569      -7.89146721E-02   10.6286049    
   2.16000056       3.25919890     -0.489723891       10.4648476    
   2.18000078       3.19765830     -0.899286926       10.3237858    
   2.20000076       3.08465052      -1.30111647       10.2260065    
   2.22000074       2.92114735      -1.68874514       10.1901798    
   2.24000072       2.70893335      -2.05582738       10.2318192    
   2.26000071       2.45059037      -2.39624190       10.3621950    
   2.28000069       2.14946961      -2.70419216       10.5874910    
   2.30000067       1.80965078      -2.97430253       10.9082527    
   2.32000065       1.43588889      -3.20170999       11.3191729    
   2.34000063       1.03355014      -3.38214922       11.8092499    
   2.36000085      0.608536720      -3.51202893       12.3623037    
   2.38000083      0.167202115      -3.58850002       12.9578419    
   2.40000081     -0.283742130      -3.60951138       13.5722227    
   2.42000079     -0.737326741      -3.57385540       14.1800604    
   2.44000077      -1.18643069      -3.48120022       14.7557783    
   2.46000075      -1.62389123      -3.33210897       15.2752323    
   2.48000073      -2.04261637      -3.12804484       15.7172890    
   2.50000072      -2.43569803      -2.87136221       16.0652676    
   2.52000070      -2.79652405      -2.56528330       16.3081341    
   2.54000092      -3.11888695      -2.21386170       16.4413967    
   2.56000066      -3.39708900      -1.82193077       16.4675941    
   2.58000064      -3.62603951      -1.39503992       16.3963623    
   2.60000062      -3.80134535     -0.939378321       16.2440586    
   2.62000060      -3.91939116     -0.461687148       16.0329323    
   2.64000058      -3.97740841       3.08381021E-02   15.7899170    
   2.66000080      -3.97353315      0.530654013       15.5450640    
   2.68000078      -3.90684915       1.02998292       15.3297482    
   2.70000076      -3.77741766       1.52093208       15.1747227    
   2.72000074      -3.58629179       1.99561644       15.1081467    
   2.74000072      -3.33551526       2.44628310       15.1537285    
   2.76000071      -3.02810621       2.86543632       15.3290806    
   2.78000069      -2.66802478       3.24595928       15.6444187    
   2.80000067      -2.26012540       3.58123326       16.1016731    
   2.82000065      -1.81009436       3.86524892       16.6941128    
   2.84000087      -1.32437277       4.09271193       17.4065018    
   2.86000085     -0.810067415       4.25913763       18.2157955    
   2.88000083     -0.274848342       4.36093378       19.0923615    
   2.90000081      0.273162782       4.39547205       20.0016479    
   2.92000079      0.825514138       4.36114550       20.9062347    
   2.94000077       1.37355185       4.25740814       21.7681007    
   2.96000075       1.90855360       4.08480263       22.5510406    
   2.98000073       2.42186499       3.84496665       23.2230148    
   3.00000095       2.90503788       3.54062605       23.7583046    
   3.02000093       3.34996605       3.17556810       24.1393814    
   3.04000092       3.74901962       2.75459886       24.3582554    
   3.06000090       4.09517288       2.28348303       24.4173050    
   3.08000088       4.38212395       1.76886845       24.3294525    
   3.10000086       4.60440636       1.21819448       24.1177006    
   3.12000084       4.75748920      0.639587700       23.8139820    
   3.14000082       4.83786201       4.17439342E-02   23.4574356    
   3.16000080       4.84310770     -0.566199780       23.0921535    
   3.18000102       4.77195692      -1.17480266       22.7645588    
   3.20000100       4.62432671      -1.77446449       22.5205250    
   3.22000098       4.40134096      -2.35557461       22.4024696    
   3.24000096       4.10533047      -2.90866351       22.4465561    
   3.26000094       3.73981714      -3.42455459       22.6801987    
   3.28000093       3.30947495      -3.89451385       23.1200676    
   3.30000091       2.82007599      -4.31039476       23.7706795    
   3.32000089       2.27841568      -4.66477585       24.6237507    
   3.34000087       1.69222260      -4.95108986       25.6582985    
   3.36000109       1.07005024      -5.16374063       26.8415890    
   3.38000107      0.421155393      -5.29820728       28.1308479    
   3.40000105     -0.244637012      -5.35113144       29.4756432    
   3.42000103     -0.917080045      -5.32038927       30.8208580    
   3.44000101      -1.58565998      -5.20514536       32.1100540    
   3.46000099      -2.23975801      -5.00588560       33.2889977    
   3.48000097      -2.86881614      -4.72442913       34.3091736    
   3.50000095      -3.46250534      -4.36392307       35.1310806    
   3.52000093      -4.01089191      -3.92881179       35.7269897    
   3.54000115      -4.50460100      -3.42478824       36.0831299    
   3.56000113      -4.93497276      -2.85872340       36.2009621    
   3.58000112      -5.29421043      -2.23857641       36.0976257    
   3.60000110      -5.57551813      -1.57328629       35.8053360    
   3.62000108      -5.77322292     -0.872645974       35.3698273    
   3.64000106      -5.88288307     -0.147161365       34.8478928    
   3.66000104      -5.90137577      0.592103541       34.3041611    
   3.68000102      -5.82696962       1.33369231       33.8072357    
   3.70000100      -5.65937281       2.06593084       33.4254837    
   3.72000122      -5.39976025       2.77710867       33.2226944    
   3.74000120      -5.05077839       3.45566273       33.2539291    
   3.76000118      -4.61652708       4.09036255       33.5617142    
   3.78000116      -4.10251713       4.67049265       34.1729851    
   3.80000114      -3.51560569       5.18603039       35.0968895    
   3.82000113      -2.86390972       5.62781429       36.3236389    
   3.84000111      -2.15669775       5.98770380       37.8245430    
   3.86000109      -1.40426064       6.25872231       39.5532379    
   3.88000107     -0.617766380       6.43518686       41.4480743    
   3.90000129      0.190903068       6.51281786       43.4355392    
   3.92000127       1.00932789       6.48882818       45.4345627    
   3.94000125       1.82473814       6.36199236       47.3614197    
   3.96000123       2.62420964       6.13268900       49.1349907    
   3.98000121       3.39486599       5.80292130       50.6819534    
