   0.00000000       1.00000000       1.00000000       2.00000000    
   1.99999996E-02   1.11776805      0.866440594       2.00012469    
   3.99999991E-02   1.21782267      0.719136596       2.00024939    
   6.00000024E-02   1.29857647      0.560422421       2.00037408    
   7.99999982E-02   1.35874808      0.392813563       2.00049877    
  0.100000001       1.39738226      0.218966708       2.00062346    
  0.119999997       1.41386509       4.16375697E-02   2.00074816    
  0.140000001       1.40793395     -0.136362717       2.00087285    
  0.159999996       1.37968147     -0.312212229       2.00099730    
  0.180000007       1.32955420     -0.483123004       2.00112224    
  0.200000018       1.25834548     -0.646385133       2.00124717    
  0.220000029       1.16718280     -0.799409866       2.00137186    
  0.240000039       1.05751026     -0.939770460       2.00149655    
  0.260000050      0.931065440      -1.06524098       2.00162125    
  0.280000061      0.789851904      -1.17383134       2.00174594    
  0.300000072      0.636107445      -1.26381886       2.00187063    
  0.320000052      0.472268760      -1.33377576       2.00199556    
  0.340000063      0.300932646      -1.38259172       2.00212026    
  0.360000074      0.124814972      -1.40949154       2.00224519    
  0.380000055      -5.32924533E-02  -1.41404736       2.00237012    
  0.400000066     -0.230566114      -1.39618552       2.00249481    
  0.420000076     -0.404195487      -1.35618794       2.00261974    
  0.440000087     -0.571427703      -1.29468715       2.00274444    
  0.460000098     -0.729611099      -1.21265697       2.00286937    
  0.480000108     -0.876237273      -1.11139655       2.00299406    
  0.500000119      -1.00898099     -0.992510080       2.00311899    
  0.520000100      -1.12573695     -0.857881248       2.00324392    
  0.540000141      -1.22465301     -0.709643424       2.00336885    
  0.560000122      -1.30416000     -0.550145864       2.00349379    
  0.580000162      -1.36299610     -0.381916493       2.00361872    
  0.600000143      -1.40022731     -0.207621843       2.00374341    
  0.620000184      -1.41526210      -3.00247520E-02   2.00386834    
  0.640000165      -1.40786064      0.148059398       2.00399303    
  0.660000145      -1.37813890      0.323807359       2.00411797    
  0.680000186      -1.32656670      0.494432747       2.00424290    
  0.700000167      -1.25396025      0.657230139       2.00436783    
  0.720000207      -1.16146946      0.809618175       2.00449276    
  0.740000188      -1.05055928      0.949180245       2.00461793    
  0.760000229     -0.922986865       1.07370305       2.00474310    
  0.780000210     -0.780773759       1.18121135       2.00486779    
  0.800000250     -0.626173615       1.26999986       2.00499296    
  0.820000231     -0.461636662       1.33865964       2.00511789    
  0.840000272     -0.289770782       1.38610101       2.00524306    
  0.860000253     -0.113300249       1.41157043       2.00536799    
  0.880000234       6.49775118E-02   1.41466284       2.00549316    
  0.900000274      0.242236257       1.39532781       2.00561810    
  0.920000255      0.415665686       1.35387039       2.00574303    
  0.940000296      0.582516074       1.29094660       2.00586820    
  0.960000277      0.740141869       1.20755255       2.00599313    
  0.980000317      0.886043489       1.10500908       2.00611806    
   1.00000036       1.01790714      0.984940767       2.00624323    
   1.02000034       1.13364136      0.849250019       2.00636840    
   1.04000032       1.23141038      0.700087070       2.00649333    
   1.06000030       1.30966306      0.539815784       2.00661850    
   1.08000028       1.36715758      0.370976448       2.00674343    
   1.10000038       1.40298116      0.196245238       2.00686836    
   1.12000036       1.41656458       1.83919370E-02   2.00699353    
   1.14000034       1.40769100     -0.159764051       2.00711846    
   1.16000032       1.37649977     -0.335398287       2.00724363    
   1.18000042       1.32348394     -0.505726159       2.00736880    
   1.20000041       1.24948275     -0.668047011       2.00749397    
   1.22000039       1.15566790     -0.819786966       2.00761890    
   1.24000037       1.04352570     -0.958539724       2.00774431    
   1.26000035      0.914832711      -1.08210468       2.00786948    
   1.28000033      0.771628201      -1.18852198       2.00799465    
   1.30000031      0.616181612      -1.27610350       2.00811982    
   1.32000029      0.450956523      -1.34345949       2.00824523    
   1.34000039      0.278571784      -1.38952088       2.00837040    
   1.36000037      0.101759911      -1.41355598       2.00849557    
   1.38000035      -7.66762495E-02  -1.41518247       2.00862050    
   1.40000033     -0.253907919      -1.39437318       2.00874591    
   1.42000043     -0.427125245      -1.35145664       2.00887108    
   1.44000041     -0.593581855      -1.28711176       2.00899601    
   1.46000040     -0.750638366      -1.20235741       2.00912142    
   1.48000038     -0.895804226      -1.09853601       2.00924659    
   1.50000048      -1.02677739     -0.977292240       2.00937200    
   1.52000046      -1.14148045     -0.840547204       2.00949717    
   1.54000044      -1.23809397     -0.690467834       2.00962257    
   1.56000042      -1.31508517     -0.529432654       2.00974798    
   1.58000040      -1.37123215     -0.359993935       2.00987339    
   1.60000050      -1.40564346     -0.184837401       2.00999832    
   1.62000048      -1.41777229      -6.73961639E-03   2.01012373    
   1.64000046      -1.40742493      0.171476126       2.01024914    
   1.66000044      -1.37476397      0.346984446       2.01037407    
   1.68000054      -1.32030594      0.517002702       2.01049948    
   1.70000052      -1.24491274      0.678835154       2.01062489    
   1.72000051      -1.14977837      0.829915643       2.01075029    
   1.74000049      -1.03640985      0.967848301       2.01087570    
   1.76000047     -0.906603277       1.09044564       2.01100111    
   1.78000057     -0.762415588       1.19576299       2.01112676    
   1.80000055     -0.606131792       1.28212965       2.01125216    
   1.82000053     -0.440228790       1.34817517       2.01137757    
   1.84000051     -0.267336190       1.39285123       2.01150322    
   1.86000061      -9.01945382E-02   1.41544819       2.01162863    
   1.88000059       8.83880854E-02   1.41560638       2.01175404    
   1.90000057      0.265580535       1.39332199       2.01187921    
   1.92000055      0.438573599       1.34894693       2.01200461    
   1.94000053      0.604624450       1.28318334       2.01213026    
   1.96000063      0.761100113       1.19707239       2.01225567    
   1.98000062      0.905519247       1.09197795       2.01238108    
   2.00000072       1.03559160      0.969565153       2.01250648    
   2.02000070       1.14925408      0.831773520       2.01263213    
   2.04000068       1.24470365      0.680786550       2.01275754    
   2.06000066       1.32042599      0.518997192       2.01288295    
   2.08000064       1.37521946      0.348969698       2.01300836    
   2.10000062       1.40821397      0.173399165       2.01313376    
   2.12000060       1.41888511      -4.93134558E-03   2.01325917    
   2.14000058       1.40706229     -0.183194786       2.01338458    
   2.16000056       1.37293160     -0.358565003       2.01350999    
   2.18000078       1.31703281     -0.528261542       2.01363564    
   2.20000076       1.24025059     -0.689593792       2.01376104    
   2.22000074       1.14380109     -0.840003490       2.01388693    
   2.24000072       1.02921200     -0.977105379       2.01401234    
   2.26000071      0.898298979      -1.09872508       2.01413774    
   2.28000069      0.753136396      -1.20293343       2.01426315    
   2.30000067      0.596024752      -1.28807735       2.01438880    
   2.32000065      0.429454148      -1.35280573       2.01451421    
   2.34000063      0.256064713      -1.39609122       2.01463985    
   2.36000085       7.86049068E-02  -1.41724622       2.01476550    
   2.38000083     -0.100112170      -1.41593385       2.01489115    
   2.40000081     -0.277253211      -1.39217365       2.01501679    
   2.42000079     -0.450009823      -1.34634078       2.01514244    
   2.44000077     -0.615642905      -1.27916062       2.01526809    
   2.46000075     -0.771526039      -1.19169676       2.01539373    
   2.48000073     -0.915187359      -1.08533466       2.01551914    
   2.50000072      -1.04434848     -0.961759329       2.01564479    
   2.52000070      -1.15696084     -0.822928905       2.01577044    
   2.54000092      -1.25123811     -0.671043336       2.01589608    
   2.56000066      -1.32568455     -0.508509755       2.01602173    
   2.58000064      -1.37911856     -0.337904274       2.01614738    
   2.60000062      -1.41069174     -0.161931127       2.01627278    
   2.62000060      -1.41990221       1.66202039E-02   2.01639867    
   2.64000058      -1.40660250      0.194919154       2.01652408    
   2.66000080      -1.37100220      0.370139003       2.01664996    
   2.68000078      -1.31366420      0.539501727       2.01677561    
   2.70000076      -1.23549616      0.700321913       2.01690149    
   2.72000074      -1.13773608      0.850049436       2.01702738    
   2.74000072      -1.02193248      0.986309886       2.01715326    
   2.76000071     -0.889920235       1.10694218       2.01727891    
   2.78000069     -0.743791223       1.21003282       2.01740479    
   2.80000067     -0.585861266       1.29394639       2.01753068    
   2.82000065     -0.418633401       1.35735130       2.01765656    
   2.84000087     -0.244758204       1.39924109       2.01778221    
   2.86000085      -6.69918358E-02   1.41895032       2.01790810    
   2.88000083      0.111847684       1.41616523       2.01803374    
   2.90000081      0.288925141       1.39092839       2.01815939    
   2.92000079      0.461433113       1.34363866       2.01828527    
   2.94000077      0.626636386       1.27504432       2.01841116    
   2.96000075      0.781915426       1.18623149       2.01853681    
   2.98000073      0.924807906       1.07860696       2.01866269    
   3.00000095       1.05304766      0.953875840       2.01878834    
   3.02000093       1.16460073      0.814014435       2.01891422    
   3.04000092       1.25769746      0.661239147       2.01904011    
   3.06000090       1.33086085      0.497971267       2.01916599    
   3.08000088       1.38292968      0.326798558       2.01929188    
   3.10000086       1.41307724      0.150434166       2.01941776    
   3.12000084       1.42082417      -2.83261389E-02   2.01954365    
   3.14000082       1.40604627     -0.206648529       2.01966977    
   3.16000080       1.36897635     -0.381705880       2.01979566    
   3.18000102       1.31020081     -0.550722718       2.01992178    
   3.20000100       1.23065007     -0.711019039       2.02004766    
   3.22000098       1.13158393     -0.860053122       2.02017355    
   3.24000096       1.01457179     -0.995461464       2.02029943    
   3.26000094      0.881467700      -1.11509645       2.02042532    
   3.28000093      0.734380722      -1.21706057       2.02055144    
   3.30000091      0.575641930      -1.29973602       2.02067733    
   3.32000089      0.407767177      -1.36181104       2.02080345    
   3.34000087      0.233417332      -1.40230012       2.02092934    
   3.36000109       5.53561002E-02  -1.42056012       2.02105546    
   3.38000107     -0.123593822      -1.41630006       2.02118134    
   3.40000105     -0.300595492      -1.38958609       2.02130699    
   3.42000103     -0.472842634      -1.34084046       2.02143335    
   3.44000101     -0.637604237      -1.27083445       2.02155924    
   3.46000099     -0.792267680      -1.18067658       2.02168512    
   3.48000097     -0.934380412      -1.07179499       2.02181125    
   3.50000095      -1.06168854     -0.945914745       2.02193737    
   3.52000093      -1.17217290     -0.805030346       2.02206326    
   3.54000115      -1.26408088     -0.651374459       2.02218914    
   3.56000113      -1.33595419     -0.487382323       2.02231503    
   3.58000112      -1.38665223     -0.315653145       2.02244115    
   3.60000110      -1.41536987     -0.138908982       2.02256751    
   3.62000108      -1.42165041       4.00484353E-02   2.02269363    
   3.64000106      -1.40539289      0.218382105       2.02281976    
   3.66000104      -1.36685359      0.393264711       2.02294588    
   3.68000102      -1.30664229      0.561923504       2.02307224    
   3.70000100      -1.22571206      0.721684277       2.02319813    
   3.72000122      -1.12534475      0.870013595       2.02332449    
   3.74000120      -1.00713027       1.00455928       2.02345061    
   3.76000118     -0.872941613       1.12318730       2.02357674    
   3.78000116     -0.724905252       1.22401607       2.02370286    
   3.80000114     -0.565367222       1.30544591       2.02382922    
   3.82000113     -0.396856070       1.36618471       2.02395535    
   3.84000111     -0.222042769       1.40526819       2.02408171    
   3.86000109      -4.36983854E-02   1.42207539       2.02420783    
   3.88000107      0.135349914       1.41633844       2.02433419    
   3.90000129      0.312263578       1.38814688       2.02446032    
   3.92000127      0.484237731       1.33794630       2.02458644    
   3.94000125      0.648545623       1.26653123       2.02471280    
   3.96000123      0.802581906       1.17503250       2.02483916    
   3.98000121      0.943903923       1.06489944       2.02496529    
