   0.00000000       1.00000000       0.00000000       1.00000000    
   1.99999996E-02  0.942404151     -0.104719758      0.899091840    
   3.99999991E-02  0.877159357     -0.197376668      0.808366060    
   6.00000024E-02  0.805969357     -0.277864516      0.726795316    
   7.99999982E-02  0.730450928     -0.346261591      0.653455615    
  0.100000001      0.652119517     -0.402810991      0.587516546    
  0.119999997      0.572377861     -0.447900534      0.528231323    
  0.140000001      0.492507219     -0.482042581      0.474928439    
  0.159999996      0.413661450     -0.505854130      0.427004218    
  0.180000007      0.336863339     -0.520037532      0.383915931    
  0.200000018      0.263003200     -0.525361776      0.345175683    
  0.220000029      0.192839533     -0.522644758      0.310344636    
  0.240000039      0.127001554     -0.512736678      0.279028296    
  0.260000050       6.59931302E-02 -0.496504724      0.250872046    
  0.280000061       1.01983398E-02 -0.474818885      0.225556985    
  0.300000072      -4.01119627E-02 -0.448539257      0.202796429    
  0.320000052      -8.47726017E-02 -0.418504745      0.182332620    
  0.340000063     -0.123715766     -0.385523230      0.163933754    
  0.360000074     -0.156962156     -0.350363195      0.147391483    
  0.380000055     -0.184611738     -0.313746691      0.132518485    
  0.400000066     -0.206834346     -0.276343673      0.119146273    
  0.420000076     -0.223860189     -0.238767773      0.107123435    
  0.440000087     -0.235970467     -0.201573148       9.63137969E-02
  0.460000098     -0.243488237     -0.165252596       8.65949392E-02
  0.480000108     -0.246769533     -0.130236700       7.78568015E-02
  0.500000119     -0.246194988      -9.68939513E-02   7.00004101E-02
  0.520000100     -0.242161885      -6.55317754E-02   6.29367903E-02
  0.540000141     -0.235076830      -3.63982767E-02   5.65859526E-02
  0.560000122     -0.225348994      -9.68469679E-03   5.08759618E-02
  0.580000162     -0.213384002       1.44715961E-02   4.57421616E-02
  0.600000143     -0.199578509       3.59836146E-02   4.11264040E-02
  0.620000184     -0.184315413       5.48109189E-02   3.69764082E-02
  0.640000165     -0.167959824       7.09555000E-02   3.32451835E-02
  0.660000145     -0.150855586       8.44574720E-02   2.98904721E-02
  0.680000186     -0.133322567       9.53906327E-02   2.68742777E-02
  0.700000167     -0.115654454      0.103858031       2.41624434E-02
  0.720000207      -9.81172472E-02  0.109987542       2.17242539E-02
  0.740000188      -8.09482336E-02  0.113927528       1.95320975E-02
  0.760000229      -6.43554851E-02  0.115842655       1.75611489E-02
  0.780000210      -4.85178605E-02  0.115909889       1.57890841E-02
  0.800000250      -3.35853770E-02  0.114314735       1.41958361E-02
  0.820000231      -1.96799859E-02  0.111247733       1.27633596E-02
  0.840000272      -6.89666439E-03  0.106901206       1.14754317E-02
  0.860000253       4.69522178E-03  0.101466358       1.03174672E-02
  0.880000234       1.50503293E-02   9.51306298E-02   9.27634910E-03
  0.900000274       2.41455473E-02   8.80754292E-02   8.34028888E-03
  0.920000255       3.19781005E-02   8.04741308E-02   7.49868434E-03
  0.940000296       3.85635272E-02   7.24904165E-02   6.74200617E-03
  0.960000277       4.39336076E-02   6.42769039E-02   6.06168201E-03
  0.980000317       4.81342748E-02   5.59741035E-02   5.45000844E-03
   1.00000036       5.12235351E-02   4.77096178E-02   4.90005780E-03
   1.02000034       5.32694124E-02   3.95976231E-02   4.40560188E-03
   1.04000032       5.43479696E-02   3.17386016E-02   3.96104064E-03
   1.06000030       5.45414090E-02   2.42192820E-02   3.56133888E-03
   1.08000028       5.39362878E-02   1.71127878E-02   3.20197083E-03
   1.10000038       5.26218265E-02   1.04789678E-02   2.87886546E-03
   1.12000036       5.06883822E-02   4.36487747E-03   2.58836406E-03
   1.14000034       4.82260287E-02  -1.19459676E-03   2.32717698E-03
   1.16000032       4.53233123E-02  -6.17601117E-03   2.09234562E-03
   1.18000042       4.20661271E-02  -1.05665447E-02   1.88121083E-03
   1.20000041       3.85367647E-02  -1.43631101E-02   1.69138110E-03
   1.22000039       3.48131061E-02  -1.75714158E-02   1.52070692E-03
   1.24000037       3.09679396E-02  -2.02049948E-02   1.36725511E-03
   1.26000035       2.70684529E-02  -2.22842265E-02   1.22928782E-03
   1.28000033       2.31758226E-02  -2.38353498E-02   1.10524264E-03
   1.30000031       1.93449594E-02  -2.48894989E-02   9.93714551E-04
   1.32000029       1.56243471E-02  -2.54817661E-02   8.93440680E-04
   1.34000039       1.20560052E-02  -2.56503001E-02   8.03285162E-04
   1.36000037       8.67553614E-03  -2.54354514E-02   7.22227152E-04
   1.38000035       5.51226642E-03  -2.48789750E-02   6.49348483E-04
   1.40000033       2.58946232E-03  -2.40232926E-02   5.83823887E-04
   1.42000043      -7.53933564E-05  -2.29108185E-02   5.24911331E-04
   1.44000041      -2.47026654E-03  -2.15833541E-02   4.71943407E-04
   1.46000040      -4.58819326E-03  -2.00815573E-02   4.24320460E-04
   1.48000038      -6.42686803E-03  -1.84444673E-02   3.81502992E-04
   1.50000048      -7.98820704E-03  -1.67091228E-02   3.43006250E-04
   1.52000046      -9.27789509E-03  -1.49102230E-02   3.08394083E-04
   1.54000044      -1.03049213E-02  -1.30798770E-02   2.77274579E-04
   1.56000042      -1.10811219E-02  -1.12474011E-02   2.49295292E-04
   1.58000040      -1.16207199E-02  -9.43918526E-03   2.24139352E-04
   1.60000050      -1.19398842E-02  -7.67860794E-03   2.01521849E-04
   1.62000048      -1.20562986E-02  -5.98601019E-03   1.81186653E-04
   1.64000046      -1.19887590E-02  -4.37870808E-03   1.62903423E-04
   1.66000044      -1.17567936E-02  -2.87105283E-03   1.46465143E-04
   1.68000054      -1.13803064E-02  -1.47452345E-03   1.31685592E-04
   1.70000052      -1.08792596E-02  -1.97854009E-04   1.18397431E-04
   1.72000051      -1.02733783E-02   9.52815055E-04   1.06450163E-04
   1.74000049      -9.58189555E-03   1.97376241E-03   9.57084558E-05
   1.76000047      -8.82332586E-03   2.86349561E-03   8.60506843E-05
   1.78000057      -8.01527407E-03   3.62254679E-03   7.73674619E-05
   1.80000055      -7.17427488E-03   4.25326079E-03   6.95604467E-05
   1.82000053      -6.31566579E-03   4.75957897E-03   6.25412213E-05
   1.84000051      -5.45348786E-03   5.14682196E-03   5.62303067E-05
   1.86000061      -4.60041547E-03   5.42147411E-03   5.05562057E-05
   1.88000059      -3.76771507E-03   5.59097389E-03   4.54546644E-05
   1.90000057      -2.96522491E-03   5.66351134E-03   4.08679189E-05
   1.92000055      -2.20135855E-03   5.64783392E-03   3.67440080E-05
   1.94000053      -1.48312957E-03   5.55306766E-03   3.30362345E-05
   1.96000063      -8.16191488E-04   5.38854674E-03   2.97026036E-05
   1.98000062      -2.04894925E-04   5.16366027E-03   2.67053692E-05
   2.00000072       3.47643450E-04   4.88771126E-03   2.40105765E-05
   2.02000070       8.39460583E-04   4.56979405E-03   2.15877117E-05
   2.04000068       1.26965879E-03   4.21868451E-03   1.94093336E-05
   2.06000066       1.63831131E-03   3.84274730E-03   1.74507713E-05
   2.08000064       1.94636290E-03   3.44985747E-03   1.56898459E-05
   2.10000062       2.19552871E-03   3.04733729E-03   1.41066112E-05
   2.12000060       2.38819188E-03   2.64190789E-03   1.26831383E-05
   2.14000058       2.52730190E-03   2.23965407E-03   1.14033046E-05
   2.16000056       2.61627580E-03   1.84600079E-03   1.02526174E-05
   2.18000078       2.65890197E-03   1.46570301E-03   9.21804531E-06
   2.20000076       2.65924819E-03   1.10284495E-03   8.28786779E-06
   2.22000074       2.62157619E-03   7.60849798E-04   7.45155421E-06
   2.24000072       2.55026016E-03   4.42497170E-04   6.69963083E-06
   2.26000071       2.44971388E-03   1.49948552E-04   6.02358250E-06
   2.28000069       2.32432317E-03  -1.15221337E-04   5.41575400E-06
   2.30000067       2.17838585E-03  -3.51987634E-04   4.86926047E-06
   2.32000065       2.01605982E-03  -5.59834647E-04   4.37791186E-06
   2.34000063       1.84131740E-03  -7.38711795E-04   3.93614482E-06
   2.36000085       1.65790739E-03  -8.88987386E-04   3.53895553E-06
   2.38000083       1.46932423E-03  -1.01140107E-03   3.18184584E-06
   2.40000081       1.27878354E-03  -1.10701588E-03   2.86077147E-06
   2.42000079       1.08920445E-03  -1.17717020E-03   2.57209604E-06
   2.44000077       9.03197797E-04  -1.22343132E-03   2.31255035E-06
   2.46000075       7.23059871E-04  -1.24754943E-03   2.07919516E-06
   2.48000073       5.50771540E-04  -1.25141442E-03   1.86938723E-06
   2.50000072       3.88001557E-04  -1.23701477E-03   1.68075076E-06
   2.52000070       2.36114385E-04  -1.20639929E-03   1.51114921E-06
   2.54000092       9.61813203E-05  -1.16164156E-03   1.35866196E-06
   2.56000066      -3.10051546E-05  -1.10480795E-03   1.22156189E-06
   2.58000064      -1.44914608E-04  -1.03792874E-03   1.09829625E-06
   2.60000062      -2.45259784E-04  -9.62972932E-04   9.87469207E-07
   2.62000060      -3.31976131E-04  -8.81826098E-04   8.87825422E-07
   2.64000058      -4.05200291E-04  -7.96272070E-04   7.98236499E-07
   2.66000080      -4.65247838E-04  -7.07977626E-04   7.17687840E-07
   2.68000078      -5.12590748E-04  -6.18480379E-04   6.45267278E-07
   2.70000076      -5.47834730E-04  -5.29180106E-04   5.80154449E-07
   2.72000074      -5.71697310E-04  -4.41332406E-04   5.21612094E-07
   2.74000072      -5.84986119E-04  -3.56045464E-04   4.68977134E-07
   2.76000071      -5.88578347E-04  -2.74279126E-04   4.21653510E-07
   2.78000069      -5.83401124E-04  -1.96845998E-04   3.79105217E-07
   2.80000067      -5.70413307E-04  -1.24414859E-04   3.40850391E-07
   2.82000065      -5.50588535E-04  -5.75155354E-05   3.06455775E-07
   2.84000087      -5.24899922E-04   3.45462104E-06   2.75531875E-07
   2.86000085      -4.94306092E-04   5.82230423E-05   2.47728423E-07
   2.88000083      -4.59739007E-04   1.06633248E-04   2.22730606E-07
   2.90000081      -4.22093319E-04   1.48635372E-04   2.00255243E-07
   2.92000079      -3.82217433E-04   1.84276098E-04   1.80047849E-07
   2.94000077      -3.40905943E-04   2.13688269E-04   1.61879541E-07
   2.96000075      -2.98893778E-04   2.37080298E-04   1.45544561E-07
   2.98000073      -2.56851723E-04   2.54725543E-04   1.30857899E-07
   3.00000095      -2.15383334E-04   2.66951858E-04   1.17653272E-07
   3.02000093      -1.75023015E-04   2.74131424E-04   1.05781098E-07
   3.04000092      -1.36235438E-04   2.76670966E-04   9.51069197E-08
   3.06000090      -9.94159200E-05   2.75002414E-04   8.55098534E-08
   3.08000088      -6.48917921E-05   2.69574230E-04   7.68812143E-08
   3.10000086      -3.29245413E-05   2.60843313E-04   6.91232600E-08
   3.12000084      -3.71277747E-06   2.49267672E-04   6.21481604E-08
   3.14000082       2.26043157E-05   2.35299682E-04   5.58768960E-08
   3.16000080       4.59429284E-05   2.19380279E-04   5.02384587E-08
   3.18000102       6.62702514E-05   2.01933755E-04   4.51689885E-08
   3.20000100       8.35998144E-05   1.83363401E-04   4.06110665E-08
   3.22000098       9.79865799E-05   1.64047873E-04   3.65130752E-08
   3.24000096       1.09522014E-04   1.44338264E-04   3.28286056E-08
   3.26000094       1.18329066E-04   1.24555852E-04   2.95159275E-08
   3.28000093       1.24557264E-04   1.04990555E-04   2.65375277E-08
   3.30000091       1.28377869E-04   8.58999265E-05   2.38596751E-08
   3.32000089       1.29979249E-04   6.75087431E-05   2.14520348E-08
   3.34000087       1.29562482E-04   5.00091228E-05   1.92873486E-08
   3.36000109       1.27337160E-04   3.35610530E-05   1.73410957E-08
   3.38000107       1.23517573E-04   1.82933582E-05   1.55912367E-08
   3.40000105       1.18319149E-04   4.30500586E-06   1.40179539E-08
   3.42000103       1.11955276E-04  -8.33329705E-06   1.26034276E-08
   3.44000101       1.04634455E-04  -1.95772627E-05   1.13316387E-08
   3.46000099       9.65578147E-05  -2.94069869E-05   1.01881819E-08
   3.48000097       8.79169893E-05  -3.78247751E-05   9.16011000E-09
   3.50000095       7.88923353E-05  -4.48528699E-05   8.23578006E-09
   3.52000093       6.96514835E-05  -5.05311145E-05   7.40472261E-09
   3.54000115       6.03482404E-05  -5.49146171E-05   6.65752520E-09
   3.56000113       5.11217877E-05  -5.80714150E-05   5.98572658E-09
   3.58000112       4.20961587E-05  -6.00802014E-05   5.38171729E-09
   3.60000110       3.33800090E-05  -6.10281313E-05   4.83865792E-09
   3.62000108       2.50666071E-05  -6.10087081E-05   4.35039738E-09
   3.64000106       1.72340569E-05  -6.01198262E-05   3.91140631E-09
   3.66000104       9.94571201E-06  -5.84619193E-05   3.51671314E-09
   3.68000102       3.25076144E-06  -5.61362685E-05   3.16184812E-09
   3.70000100      -2.81504481E-06  -5.32434715E-05   2.84279178E-09
   3.72000122      -8.22855327E-06  -4.98820773E-05   2.55593080E-09
   3.74000120      -1.29782620E-05  -4.61473828E-05   2.29801622E-09
   3.76000118      -1.70633102E-05  -4.21304030E-05   2.06612727E-09
   3.78000116      -2.04924199E-05  -3.79170015E-05   1.85763827E-09
   3.80000114      -2.32828006E-05  -3.35871773E-05   1.67018732E-09
   3.82000113      -2.54590486E-05  -2.92145251E-05   1.50165158E-09
   3.84000111      -2.70520504E-05  -2.48658234E-05   1.35012268E-09
   3.86000109      -2.80979075E-05  -2.06007699E-05   1.21388410E-09
   3.88000107      -2.86368922E-05  -1.64718440E-05   1.09139320E-09
   3.90000129      -2.87124531E-05  -1.25242859E-05   9.81262627E-10
   3.92000127      -2.83702739E-05  -8.79617801E-06   8.82245166E-10
   3.94000125      -2.76573974E-05  -5.31862588E-06   7.93219379E-10
   3.96000123      -2.66214101E-05  -2.11601878E-06   7.13177017E-10
   3.98000121      -2.53097169E-05   7.93642812E-07   6.41211639E-10
