  -2.00000000       0.00000000    
  -1.98000002       1.22718465    
  -1.96000004       2.45436931    
  -1.94000006       3.68155408    
  -1.91999996       4.90873861    
  -1.89999998       6.13592339    
  -1.88000000       7.36310816    
  -1.86000001       8.59029293    
  -1.84000003       9.81747723    
  -1.82000005       11.0446615    
  -1.79999995       12.2718468    
  -1.77999997       13.4990320    
  -1.75999999       14.7262163    
  -1.74000001       15.9534006    
  -1.72000003       17.1805859    
  -1.70000005       18.4077702    
  -1.68000007       19.6349545    
  -1.65999997       20.8621407    
  -1.63999999       22.0893230    
  -1.62000000       23.3165092    
  -1.60000002       24.5436935    
  -1.58000004       25.7708797    
  -1.55999994       26.9980640    
  -1.53999996       28.2252464    
  -1.51999998       29.4524326    
  -1.50000000       30.6796169    
  -1.48000002       31.9068012    
  -1.46000004       33.1339874    
  -1.44000006       34.3611717    
  -1.42000008       35.5883560    
  -1.40000010       36.8155403    
  -1.38000000       38.0427246    
  -1.36000001       39.2699089    
  -1.34000003       40.4970970    
  -1.31999993       41.7242813    
  -1.29999995       42.9514656    
  -1.27999997       44.1786461    
  -1.25999999       45.4058342    
  -1.24000001       46.6330185    
  -1.22000003       47.8602028    
  -1.20000005       49.0873871    
  -1.18000007       50.3145714    
  -1.16000009       51.5417595    
  -1.14000010       52.7689400    
  -1.12000000       53.9961281    
  -1.10000002       55.2233124    
  -1.08000004       56.4504929    
  -1.05999994       57.6776810    
  -1.03999996       58.9048653    
  -1.01999998       60.1320534    
  -1.00000000       61.3592339    
 -0.980000019       62.5864220    
 -0.960000038       63.8136024    
 -0.940000057       65.0407867    
 -0.920000076       66.2679749    
 -0.899999976       67.4951553    
 -0.879999995       68.7223434    
 -0.860000014       69.9495239    
 -0.840000033       71.1767120    
 -0.820000052       72.4039001    
 -0.800000072       73.6310806    
 -0.779999971       74.8582687    
 -0.759999990       76.0854492    
 -0.740000010       77.3126373    
 -0.720000029       78.5398178    
 -0.700000048       79.7670059    
 -0.680000067       80.9941940    
 -0.660000086       82.2213745    
 -0.639999986       83.4485626    
 -0.620000005       84.6757431    
 -0.600000024       85.9029312    
 -0.580000043       87.1301117    
 -0.560000062       88.3572922    
 -0.540000081       89.5844803    
 -0.519999981       90.8116684    
 -0.500000000       92.0388565    
 -0.480000019       93.2660370    
 -0.460000038       94.4932175    
 -0.440000057       95.7204056    
 -0.420000076       96.9475861    
 -0.400000095       98.1747742    
 -0.379999995       99.4019623    
 -0.360000014       100.629143    
 -0.340000033       101.856331    
 -0.320000052       103.083519    
 -0.300000072       104.310692    
 -0.280000091       105.537880    
 -0.259999990       106.765068    
 -0.240000010       107.992256    
 -0.220000029       109.219437    
 -0.200000048       110.446625    
 -0.180000067       111.673813    
 -0.160000086       112.900986    
 -0.139999986       114.128174    
 -0.120000005       115.355362    
 -0.100000024       116.582550    
  -8.00000429E-02   117.809731    
  -6.00000620E-02   119.036919    
  -4.00000811E-02   120.264107    
  -2.00001001E-02   121.491280    
   0.00000000       122.718468    
   1.99999809E-02   123.945656    
   3.99999619E-02   125.172844    
   5.99999428E-02   126.400017    
   7.99999237E-02   127.627205    
   9.99999046E-02   128.854401    
  0.119999886       130.081573    
  0.139999866       131.308762    
  0.159999847       132.535950    
  0.180000067       133.763123    
  0.200000048       134.990311    
  0.220000029       136.217499    
  0.240000010       137.444687    
  0.259999990       138.671860    
  0.279999971       139.899048    
  0.299999952       141.126236    
  0.319999933       142.353424    
  0.339999914       143.580612    
  0.359999895       144.807800    
  0.379999876       146.034988    
  0.399999857       147.262161    
  0.419999838       148.489349    
  0.440000057       149.716537    
  0.460000038       150.943710    
  0.480000019       152.170898    
  0.500000000       153.398087    
  0.519999981       154.625275    
  0.539999962       155.852448    
  0.559999943      -157.079636    
  0.579999924      -155.852448    
  0.599999905      -154.625275    
  0.619999886      -153.398087    
  0.639999866      -152.170898    
  0.659999847      -150.943710    
  0.679999828      -149.716537    
  0.700000048      -148.489349    
  0.720000029      -147.262161    
  0.740000010      -146.034988    
  0.759999990      -144.807800    
  0.779999971      -143.580612    
  0.799999952      -142.353424    
  0.819999933      -141.126236    
  0.839999914      -139.899048    
  0.859999895      -138.671860    
  0.879999876      -137.444687    
  0.899999857      -136.217499    
  0.919999838      -134.990311    
  0.939999819      -133.763123    
  0.960000038      -132.535950    
  0.980000019      -131.308762    
   1.00000000      -130.081573    
   1.01999998      -128.854401    
   1.03999996      -127.627205    
   1.05999994      -126.400017    
   1.07999992      -125.172844    
   1.09999990      -123.945656    
   1.11999989      -122.718468    
   1.13999987      -121.491280    
   1.15999985      -120.264107    
   1.17999983      -119.036919    
   1.19999981      -117.809731    
   1.22000003      -116.582550    
   1.24000001      -115.355362    
   1.25999999      -114.128174    
   1.27999997      -112.900986    
   1.29999995      -111.673813    
   1.31999993      -110.446625    
   1.33999991      -109.219437    
   1.35999990      -107.992256    
   1.37999988      -106.765068    
   1.39999986      -105.537880    
   1.41999984      -104.310692    
   1.43999982      -103.083519    
   1.46000004      -101.856331    
   1.48000002      -100.629143    
   1.50000000      -99.4019623    
   1.51999998      -98.1747742    
   1.53999996      -96.9475861    
   1.55999994      -95.7204056    
   1.57999992      -94.4932175    
   1.59999990      -93.2660370    
   1.61999989      -92.0388565    
   1.63999987      -90.8116684    
   1.65999985      -89.5844803    
   1.67999983      -88.3572922    
   1.69999981      -87.1301117    
   1.72000003      -85.9029312    
   1.74000001      -84.6757431    
   1.75999999      -83.4485626    
   1.77999997      -82.2213745    
   1.79999995      -80.9941940    
   1.81999993      -79.7670059    
   1.83999991      -78.5398178    
   1.85999990      -77.3126373    
   1.87999988      -76.0854492    
   1.89999986      -74.8582687    
   1.91999984      -73.6310806    
   1.93999982      -72.4039001    
   1.95999980      -71.1767120    
   1.98000002      -69.9495239    
   2.00000000      -68.7223434    
   2.01999998      -67.4951553    
   2.03999996      -66.2679749    
   2.05999994      -65.0407867    
   2.07999992      -63.8136024    
   2.09999990      -62.5864220    
   2.11999989      -61.3592339    
   2.13999987      -60.1320534    
   2.15999985      -58.9048653    
   2.17999983      -57.6776810    
   2.19999981      -56.4504929    
   2.21999979      -55.2233124    
   2.23999977      -53.9961281    
   2.25999975      -52.7689400    
   2.27999973      -51.5417595    
   2.29999971      -50.3145714    
   2.31999969      -49.0873871    
   2.33999968      -47.8602028    
   2.36000013      -46.6330185    
   2.38000011      -45.4058342    
   2.40000010      -44.1786461    
   2.42000008      -42.9514656    
   2.44000006      -41.7242813    
   2.46000004      -40.4970970    
   2.48000002      -39.2699089    
   2.50000000      -38.0427246    
   2.51999998      -36.8155403    
   2.53999996      -35.5883560    
   2.55999994      -34.3611717    
   2.57999992      -33.1339874    
   2.59999990      -31.9068012    
   2.61999989      -30.6796169    
   2.63999987      -29.4524326    
   2.65999985      -28.2252464    
   2.67999983      -26.9980640    
   2.69999981      -25.7708797    
   2.71999979      -24.5436935    
   2.73999977      -23.3165092    
   2.75999975      -22.0893230    
   2.77999973      -20.8621407    
   2.79999971      -19.6349545    
   2.81999969      -18.4077702    
   2.83999968      -17.1805859    
   2.85999966      -15.9534006    
   2.88000011      -14.7262163    
   2.90000010      -13.4990320    
   2.92000008      -12.2718468    
   2.94000006      -11.0446615    
   2.96000004      -9.81747723    
   2.98000002      -8.59029293    
   3.00000000      -7.36310816    
   3.01999998      -6.13592339    
   3.03999996      -4.90873861    
   3.05999994      -3.68155408    
   3.07999992      -2.45436931    
   3.09999990      -1.22718465    
