   0.00000000       4.98046866E-03   0.00000000    
   9.99999978E-03  -1.95312332E-05   9.99983307E-03
   1.99999996E-02  -1.95312241E-05   1.99986659E-02
   2.99999993E-02  -1.95312805E-05   2.99954992E-02
   3.99999991E-02  -1.95312459E-05   3.99893336E-02
   4.99999970E-02  -1.95312077E-05   4.99791652E-02
   5.99999987E-02  -1.95312678E-05   5.99640049E-02
   7.00000003E-02  -1.95311695E-05   6.99428469E-02
   7.99999982E-02  -1.95312186E-05   7.99146891E-02
   8.99999961E-02  -1.95312205E-05   8.98785442E-02
   9.99999940E-02  -1.95312368E-05   9.98334140E-02
  0.109999999      -1.95312205E-05  0.109778300    
  0.119999997      -1.95312896E-05  0.119712204    
  0.129999995      -1.95312459E-05  0.129634142    
  0.140000001      -1.95312005E-05  0.139543116    
  0.149999991      -1.95312095E-05  0.149438128    
  0.159999996      -1.95312296E-05  0.159318209    
  0.170000002      -1.95312568E-05  0.169182345    
  0.179999992      -1.95312714E-05  0.179029569    
  0.189999998      -1.95312496E-05  0.188858896    
  0.199999988      -1.95312332E-05  0.198669314    
  0.209999993      -1.95312223E-05  0.208459899    
  0.219999999      -1.95312223E-05  0.218229622    
  0.229999989      -1.95312259E-05  0.227977514    
  0.239999995      -1.95312878E-05  0.237702623    
  0.250000000      -1.95312332E-05  0.247403964    
  0.259999990      -1.95312423E-05  0.257080555    
  0.269999981      -1.95312168E-05  0.266731411    
  0.280000001      -1.95312241E-05  0.276355654    
  0.289999992      -1.95312368E-05  0.285952210    
  0.299999982      -1.95312314E-05  0.295520186    
  0.310000002      -1.95312768E-05  0.305058628    
  0.319999993      -1.95312314E-05  0.314566553    
  0.329999983      -1.95312168E-05  0.324043006    
  0.340000004      -1.95312714E-05  0.333487093    
  0.349999994      -1.95312496E-05  0.342897803    
  0.359999985      -1.95312568E-05  0.352274209    
  0.370000005      -1.95312459E-05  0.361615449    
  0.379999995      -1.95312368E-05  0.370920479    
  0.389999986      -1.95312314E-05  0.380188406    
  0.399999976      -1.95312368E-05  0.389418334    
  0.409999996      -1.95312423E-05  0.398609310    
  0.419999987      -1.95312659E-05  0.407760441    
  0.429999977      -1.95312514E-05  0.416870773    
  0.439999998      -1.95312241E-05  0.425939471    
  0.449999988      -1.95312496E-05  0.434965521    
  0.459999979      -1.95312277E-05  0.443948090    
  0.469999999      -1.95312277E-05  0.452886283    
  0.479999989      -1.95312314E-05  0.461779177    
  0.489999980      -1.95312423E-05  0.470625877    
  0.500000000      -1.95312459E-05  0.479425550    
  0.509999990      -1.95312386E-05  0.488177240    
  0.519999981      -1.95312386E-05  0.496880114    
  0.529999971      -1.95312514E-05  0.505533338    
  0.539999962      -1.95312441E-05  0.514135957    
  0.550000012      -1.95312423E-05  0.522687256    
  0.560000002      -1.95312150E-05  0.531186223    
  0.569999993      -1.95312441E-05  0.539632022    
  0.579999983      -1.95312532E-05  0.548023939    
  0.589999974      -1.95312459E-05  0.556361020    
  0.599999964      -1.95312459E-05  0.564642429    
  0.610000014      -1.95312223E-05  0.572867453    
  0.620000005      -1.95312532E-05  0.581035137    
  0.629999995      -1.95311804E-05  0.589144766    
  0.639999986      -1.95312314E-05  0.597195446    
  0.649999976      -1.95312386E-05  0.605186403    
  0.659999967      -1.95312350E-05  0.613116801    
  0.669999957      -1.95312496E-05  0.620985925    
  0.680000007      -1.95312368E-05  0.628793001    
  0.689999998      -1.95312477E-05  0.636537194    
  0.699999988      -1.95312514E-05  0.644217670    
  0.709999979      -1.95312332E-05  0.651833773    
  0.719999969      -1.95312514E-05  0.659384668    
  0.729999959      -1.95312459E-05  0.666869581    
  0.740000010      -1.95312423E-05  0.674287915    
  0.750000000      -1.95312386E-05  0.681638777    
  0.759999990      -1.95312477E-05  0.688921452    
  0.769999981      -1.95312496E-05  0.696135223    
  0.779999971      -1.95312368E-05  0.703279376    
  0.789999962      -1.95312423E-05  0.710353255    
  0.799999952      -1.95312296E-05  0.717356086    
  0.810000002      -1.95312496E-05  0.724287152    
  0.819999993      -1.95312496E-05  0.731145799    
  0.829999983      -1.95312496E-05  0.737931371    
  0.839999974      -1.95312459E-05  0.744643092    
  0.849999964      -1.95312459E-05  0.751280367    
  0.859999955      -1.95312459E-05  0.757842541    
  0.870000005      -1.95312350E-05  0.764328957    
  0.879999995      -1.95312423E-05  0.770738900    
  0.889999986      -1.95312496E-05  0.777071714    
  0.899999976      -1.95312459E-05  0.783326924    
  0.909999967      -1.95312368E-05  0.789503694    
  0.919999957      -1.95312423E-05  0.795601606    
  0.930000007      -1.95312532E-05  0.801619947    
  0.939999998      -1.95312423E-05  0.807558119    
  0.949999988      -1.95312459E-05  0.813415527    
  0.959999979      -1.95312314E-05  0.819191575    
  0.969999969      -1.95312423E-05  0.824885666    
  0.979999959      -1.95312496E-05  0.830497324    
  0.989999950      -1.95312532E-05  0.836025953    
   1.00000000      -1.95312423E-05  0.841470957    
   1.00999999      -1.95312423E-05  0.846831858    
   1.01999998      -1.95312386E-05  0.852108002    
   1.02999997      -1.95312386E-05  0.857298970    
   1.03999996      -1.95312514E-05  0.862404227    
   1.04999995      -1.95312405E-05  0.867423177    
   1.05999994      -1.95312496E-05  0.872355461    
   1.06999993      -1.95312405E-05  0.877200484    
   1.07999992      -1.95312386E-05  0.881957769    
   1.09000003      -1.95312514E-05  0.886626959    
   1.10000002      -1.95312386E-05  0.891207397    
   1.11000001      -1.95312423E-05  0.895698667    
   1.12000000      -1.95312223E-05  0.900100470    
   1.13000000      -1.95312496E-05  0.904412210    
   1.13999999      -1.95312477E-05  0.908633471    
   1.14999998      -1.95312423E-05  0.912763953    
   1.15999997      -1.95312605E-05  0.916803122    
   1.16999996      -1.95312514E-05  0.920750558    
   1.17999995      -1.95312386E-05  0.924605966    
   1.18999994      -1.95312314E-05  0.928368926    
   1.19999993      -1.95312368E-05  0.932039082    
   1.20999992      -1.95312423E-05  0.935615957    
   1.22000003      -1.95312368E-05  0.939099371    
   1.23000002      -1.95312605E-05  0.942488790    
   1.24000001      -1.95312386E-05  0.945784032    
   1.25000000      -1.95312186E-05  0.948984623    
   1.25999999      -1.95311695E-05  0.952090323    
   1.26999998      -1.95312350E-05  0.955100834    
   1.27999997      -1.95312314E-05  0.958015859    
   1.28999996      -1.95312477E-05  0.960835040    
   1.29999995      -1.95312459E-05  0.963558197    
   1.30999994      -1.95312514E-05  0.966184914    
   1.31999993      -1.95312423E-05  0.968715072    
   1.32999992      -1.95312441E-05  0.971148372    
   1.33999991      -1.95312532E-05  0.973484516    
   1.35000002      -1.95312423E-05  0.975723386    
   1.36000001      -1.95312368E-05  0.977864623    
   1.37000000      -1.95312532E-05  0.979908049    
   1.38000000      -1.95312441E-05  0.981853545    
   1.38999999      -1.95312496E-05  0.983700812    
   1.39999998      -1.95312496E-05  0.985449731    
   1.40999997      -1.95312423E-05  0.987100124    
   1.41999996      -1.95312405E-05  0.988651752    
   1.42999995      -1.95312496E-05  0.990104556    
   1.43999994      -1.95312332E-05  0.991458356    
   1.44999993      -1.95312496E-05  0.992712975    
   1.45999992      -1.95312496E-05  0.993868351    
   1.46999991      -1.95312496E-05  0.994924366    
   1.48000002      -1.95312405E-05  0.995880842    
   1.49000001      -1.95312477E-05  0.996737778    
   1.50000000      -1.95312477E-05  0.997494996    
   1.50999999      -1.95312441E-05  0.998152494    
   1.51999998      -1.95312550E-05  0.998710155    
   1.52999997      -1.95312550E-05  0.999167919    
   1.53999996      -1.95312423E-05  0.999525845    
   1.54999995      -1.95312459E-05  0.999783754    
   1.55999994      -1.95312386E-05  0.999941707    
   1.56999993      -1.95312587E-05  0.999999702    
   1.57999992      -1.95312532E-05  0.999957621    
   1.58999991      -1.95312405E-05  0.999815643    
   1.59999990      -1.95312314E-05  0.999573588    
   1.61000001      -1.95312568E-05  0.999231637    
   1.62000000      -1.95312496E-05  0.998789728    
   1.63000000      -1.95312459E-05  0.998247981    
   1.63999999      -1.95312496E-05  0.997606397    
   1.64999998      -1.95312459E-05  0.996865034    
   1.65999997      -1.95312477E-05  0.996024013    
   1.66999996      -1.95312423E-05  0.995083332    
   1.67999995      -1.95312477E-05  0.994043231    
   1.68999994      -1.95312496E-05  0.992903650    
   1.69999993      -1.95312477E-05  0.991664827    
   1.70999992      -1.95312477E-05  0.990326822    
   1.71999991      -1.95312459E-05  0.988889754    
   1.73000002      -1.95312496E-05  0.987353861    
   1.74000001      -1.95312459E-05  0.985719204    
   1.75000000      -1.95312568E-05  0.983985960    
   1.75999999      -1.95312314E-05  0.982154310    
   1.76999998      -1.95312496E-05  0.980224490    
   1.77999997      -1.95312568E-05  0.978196621    
   1.78999996      -1.95312496E-05  0.976070940    
   1.79999995      -1.95312496E-05  0.973847628    
   1.80999994      -1.95312514E-05  0.971526980    
   1.81999993      -1.95312441E-05  0.969109118    
   1.82999992      -1.95312459E-05  0.966594398    
   1.83999991      -1.95312477E-05  0.963982999    
   1.84999990      -1.95312514E-05  0.961275220    
   1.86000001      -1.95312605E-05  0.958471298    
   1.87000000      -1.95312423E-05  0.955571532    
   1.88000000      -1.95312496E-05  0.952576220    
   1.88999999      -1.95312296E-05  0.949485600    
   1.89999998      -1.95312277E-05  0.946300089    
   1.90999997      -1.95311695E-05  0.943019927    
   1.91999996      -1.95312314E-05  0.939645469    
   1.92999995      -1.95312568E-05  0.936177075    
   1.93999994      -1.95312641E-05  0.932615042    
   1.94999993      -1.95312459E-05  0.928959727    
   1.95999992      -1.95312659E-05  0.925211549    
   1.96999991      -1.95312550E-05  0.921370864    
   1.97999990      -1.95312477E-05  0.917437971    
   1.99000001      -1.95312514E-05  0.913413346    
   2.00000000      -1.95312332E-05  0.909297407    
   2.00999999      -1.95312568E-05  0.905090570    
   2.01999998      -1.95312605E-05  0.900793195    
   2.02999997      -1.95312605E-05  0.896405756    
   2.03999996      -1.95312477E-05  0.891928673    
   2.04999995      -1.95312532E-05  0.887362361    
   2.05999994      -1.95312477E-05  0.882707357    
   2.06999993      -1.95312605E-05  0.877964079    
   2.07999992      -1.95312332E-05  0.873133004    
   2.08999991      -1.95312496E-05  0.868214607    
   2.09999990      -1.95312423E-05  0.863209426    
   2.10999990      -1.95312496E-05  0.858117878    
   2.11999989      -1.95312350E-05  0.852940559    
   2.12999988      -1.95312532E-05  0.847677886    
   2.13999987      -1.95312678E-05  0.842330515    
   2.14999986      -1.95312496E-05  0.836898863    
   2.15999985      -1.95312423E-05  0.831383526    
   2.16999984      -1.95312605E-05  0.825785100    
   2.18000007      -1.95312386E-05  0.820103884    
   2.19000006      -1.95312623E-05  0.814340830    
   2.20000005      -1.95312568E-05  0.808496356    
   2.21000004      -1.95312568E-05  0.802571058    
   2.22000003      -1.95312787E-05  0.796565473    
   2.23000002      -1.95312205E-05  0.790480196    
   2.24000001      -1.95312314E-05  0.784315944    
   2.25000000      -1.95312896E-05  0.778073192    
   2.25999999      -1.95312423E-05  0.771752656    
   2.26999998      -1.95312350E-05  0.765354991    
   2.27999997      -1.95312568E-05  0.758880734    
   2.28999996      -1.95312641E-05  0.752330601    
   2.29999995      -1.95312532E-05  0.745705247    
   2.30999994      -1.95312568E-05  0.739005327    
   2.31999993      -1.95312914E-05  0.732231498    
   2.32999992      -1.95312587E-05  0.725384414    
   2.33999991      -1.95312350E-05  0.718464851    
   2.34999990      -1.95312441E-05  0.711473405    
   2.35999990      -1.95312532E-05  0.704410851    
   2.36999989      -1.95312696E-05  0.697277844    
   2.37999988      -1.95312859E-05  0.690075099    
   2.38999987      -1.95313078E-05  0.682803333    
   2.39999986      -1.95312405E-05  0.675463259    
   2.40999985      -1.95312641E-05  0.668055713    
   2.41999984      -1.95312477E-05  0.660581350    
   2.42999983      -1.95312823E-05  0.653040886    
   2.44000006      -1.95312932E-05  0.645434976    
   2.45000005      -1.95312587E-05  0.637764692    
   2.46000004      -1.95312859E-05  0.630030572    
   2.47000003      -1.95312787E-05  0.622233510    
   2.48000002      -1.95312405E-05  0.614374220    
   2.49000001      -1.95312896E-05  0.606453538    
   2.50000000      -1.95312914E-05  0.598472118    
   2.50999999      -1.95313005E-05  0.590430915    
   2.51999998      -1.95313005E-05  0.582330644    
   2.52999997      -1.95313642E-05  0.574172199    
   2.53999996      -1.95314133E-05  0.565956235    
   2.54999995      -1.95316024E-05  0.557683766    
