   0.00000000      0.415099859       0.00000000    
   9.99999978E-03  0.422108173      0.100000001    
   1.99999996E-02  0.429086685      0.141421348    
   2.99999993E-02  0.436038971      0.173205078    
   3.99999991E-02  0.442967653      0.200000003    
   4.99999970E-02  0.449869156      0.223606795    
   5.99999949E-02  0.456742048      0.244948968    
   6.99999928E-02  0.463587642      0.264575124    
   7.99999908E-02  0.470408320      0.282842696    
   8.99999887E-02  0.477204323      0.299999982    
   9.99999866E-02  0.483972907      0.316227734    
  0.109999985      0.490715027      0.331662446    
  0.119999982      0.497433543      0.346410125    
  0.129999980      0.504123569      0.360555112    
  0.139999986      0.510791183      0.374165714    
  0.149999991      0.517432570      0.387298316    
  0.159999996      0.524043798      0.400000006    
  0.170000002      0.530634284      0.412310570    
  0.180000007      0.537199140      0.424264073    
  0.190000013      0.543736577      0.435889900    
  0.200000018      0.550251484      0.447213620    
  0.210000023      0.556740880      0.458257586    
  0.220000029      0.563207030      0.469041616    
  0.230000034      0.569644094      0.479583174    
  0.240000039      0.576063156      0.489897996    
  0.250000030      0.582453847      0.500000000    
  0.260000020      0.588821292      0.509902000    
  0.270000011      0.595164180      0.519615233    
  0.280000001      0.601481915      0.529150248    
  0.289999992      0.607777834      0.538516462    
  0.299999982      0.614049673      0.547722518    
  0.309999973      0.620295882      0.556776404    
  0.319999963      0.626520991      0.565685391    
  0.329999954      0.632721305      0.574456215    
  0.339999944      0.638898194      0.583095133    
  0.349999934      0.645051003      0.591607928    
  0.359999925      0.651181459      0.599999964    
  0.369999915      0.657289982      0.608276188    
  0.379999906      0.663375080      0.616441309    
  0.389999896      0.669436336      0.624499738    
  0.399999887      0.675475717      0.632455468    
  0.409999877      0.681490958      0.640312314    
  0.419999868      0.687485695      0.648073971    
  0.429999858      0.693456352      0.655743718    
  0.439999849      0.699404895      0.663324833    
  0.449999839      0.705331206      0.670820296    
  0.459999830      0.711236417      0.678232849    
  0.469999820      0.717118979      0.685565352    
  0.479999810      0.722978890      0.692820191    
  0.489999801      0.728817880      0.699999869    
  0.499999791      0.734635174      0.707106650    
  0.509999812      0.740430892      0.714142740    
  0.519999802      0.746205330      0.721110106    
  0.529999793      0.751957774      0.728010833    
  0.539999783      0.757688761      0.734846771    
  0.549999774      0.763398945      0.741619706    
  0.559999764      0.769087911      0.748331308    
  0.569999754      0.774755239      0.754983306    
  0.579999745      0.780402422      0.761577129    
  0.589999735      0.786028981      0.768114388    
  0.599999726      0.791635036      0.774596512    
  0.609999716      0.797219455      0.781024814    
  0.619999707      0.802784085      0.787400603    
  0.629999697      0.808328688      0.793725193    
  0.639999688      0.813852251      0.799999833    
  0.649999678      0.819355786      0.806225598    
  0.659999669      0.824839115      0.812403619    
  0.669999659      0.830302775      0.818535089    
  0.679999650      0.835746050      0.824620903    
  0.689999640      0.841169596      0.830662191    
  0.699999630      0.846573770      0.836659789    
  0.709999621      0.851957917      0.842614770    
  0.719999611      0.857322991      0.848527908    
  0.729999602      0.862668693      0.854400158    
  0.739999592      0.867994726      0.860232294    
  0.749999583      0.873301625      0.866025150    
  0.759999573      0.878589511      0.871779561    
  0.769999564      0.883858800      0.877496183    
  0.779999554      0.889108121      0.883175850    
  0.789999545      0.894338846      0.888819158    
  0.799999535      0.899551272      0.894426942    
  0.809999526      0.904745042      0.899999738    
  0.819999516      0.909919739      0.905538261    
  0.829999506      0.915076137      0.911043108    
  0.839999497      0.920214236      0.916514874    
  0.849999487      0.925334215      0.921954155    
  0.859999478      0.930435777      0.927361548    
  0.869999468      0.935519457      0.932737648    
  0.879999459      0.940585136      0.938082874    
  0.889999449      0.945632875      0.943397820    
  0.899999440      0.950662315      0.948683023    
  0.909999430      0.955674350      0.953938901    
  0.919999421      0.960668802      0.959165990    
  0.929999411      0.965645552      0.964364767    
  0.939999402      0.970605135      0.969535649    
  0.949999392      0.975547254      0.974679112    
  0.959999382      0.980471909      0.979795575    
  0.969999373      0.985379398      0.984885454    
  0.979999363      0.990269780      0.989949167    
  0.989999354      0.995143354      0.994987130    
  0.999999344      0.999999821      0.999999642    
   1.00999939       1.00483942       1.00498724    
   1.01999938       1.00966203       1.00995016    
   1.02999938       1.01446867       1.01488888    
   1.03999937       1.01925802       1.01980364    
   1.04999936       1.02403140       1.02469480    
   1.05999935       1.02878821       1.02956271    
   1.06999934       1.03352880       1.03440773    
   1.07999933       1.03825307       1.03923011    
   1.08999932       1.04296124       1.04403031    
   1.09999931       1.04765332       1.04880857    
   1.10999930       1.05232954       1.05356503    
   1.11999929       1.05698979       1.05830014    
   1.12999928       1.06163418       1.06301427    
   1.13999927       1.06626284       1.06770754    
   1.14999926       1.07087612       1.07238019    
   1.15999925       1.07547331       1.07703257    
   1.16999924       1.08005583       1.08166504    
   1.17999923       1.08462250       1.08627772    
   1.18999922       1.08917403       1.09087086    
   1.19999921       1.09370995       1.09544480    
   1.20999920       1.09823143       1.09999967    
   1.21999919       1.10273743       1.10453570    
   1.22999918       1.10722852       1.10905325    
   1.23999918       1.11170483       1.11355245    
   1.24999917       1.11616635       1.11803365    
   1.25999916       1.12061286       1.12249684    
   1.26999915       1.12504494       1.12694240    
   1.27999914       1.12946272       1.13137043    
   1.28999913       1.13386571       1.13578129    
   1.29999912       1.13825428       1.14017498    
   1.30999911       1.14262927       1.14455187    
   1.31999910       1.14698899       1.14891219    
   1.32999909       1.15133500       1.15325582    
   1.33999908       1.15566707       1.15758324    
   1.34999907       1.15998495       1.16189456    
   1.35999906       1.16428888       1.16619003    
   1.36999905       1.16857934       1.17046964    
   1.37999904       1.17285562       1.17473364    
   1.38999903       1.17711878       1.17898226    
   1.39999902       1.18136764       1.18321550    
   1.40999901       1.18560362       1.18743384    
   1.41999900       1.18982565       1.19163716    
   1.42999899       1.19403446       1.19582570    
   1.43999898       1.19822991       1.19999957    
   1.44999897       1.20241249       1.20415902    
   1.45999897       1.20658135       1.20830417    
   1.46999896       1.21073759       1.21243513    
   1.47999895       1.21488059       1.21655202    
   1.48999894       1.21901131       1.22065508    
   1.49999893       1.22312832       1.22474444    
   1.50999892       1.22723317       1.22882009    
   1.51999891       1.23132491       1.23288238    
   1.52999890       1.23540437       1.23693120    
   1.53999889       1.23947084       1.24096692    
   1.54999888       1.24352562       1.24498951    
   1.55999887       1.24756718       1.24899912    
   1.56999886       1.25159693       1.25299597    
   1.57999885       1.25561416       1.25698006    
   1.58999884       1.25961959       1.26095152    
   1.59999883       1.26361239       1.26491058    
   1.60999882       1.26759362       1.26885724    
   1.61999881       1.27156258       1.27279174    
   1.62999880       1.27551973       1.27671409    
   1.63999879       1.27946484       1.28062439    
   1.64999878       1.28339887       1.28452277    
   1.65999877       1.28732049       1.28840935    
   1.66999876       1.29123116       1.29228437    
   1.67999876       1.29512966       1.29614770    
   1.68999875       1.29901683       1.29999948    
   1.69999874       1.30289268       1.30384004    
   1.70999873       1.30675745       1.30766916    
   1.71999872       1.31061041       1.31148720    
   1.72999871       1.31445277       1.31529415    
   1.73999870       1.31828356       1.31909013    
   1.74999869       1.32210350       1.32287514    
   1.75999868       1.32591236       1.32664943    
   1.76999867       1.32971072       1.33041298    
   1.77999866       1.33349764       1.33416593    
   1.78999865       1.33727407       1.33790827    
   1.79999864       1.34103930       1.34164023    
   1.80999863       1.34479463       1.34536195    
   1.81999862       1.34853876       1.34907329    
   1.82999861       1.35227287       1.35277438    
   1.83999860       1.35599625       1.35646546    
   1.84999859       1.35970938       1.36014652    
   1.85999858       1.36341143       1.36381769    
   1.86999857       1.36710429       1.36747897    
   1.87999856       1.37078595       1.37113035    
   1.88999856       1.37445831       1.37477219    
   1.89999855       1.37811995       1.37840438    
   1.90999854       1.38177216       1.38202691    
   1.91999853       1.38541400       1.38564014    
   1.92999852       1.38904631       1.38924384    
   1.93999851       1.39266837       1.39283824    
   1.94999850       1.39628136       1.39642346    
   1.95999849       1.39988363       1.39999950    
   1.96999848       1.40347731       1.40356636    
   1.97999847       1.40706050       1.40712416    
   1.98999846       1.41063499       1.41067302    
   1.99999845       1.41419923       1.41421306    
   2.00999856       1.41775489       1.41774416    
   2.01999855       1.42130065       1.42126656    
   2.02999854       1.42483723       1.42478013    
   2.03999853       1.42836440       1.42828512    
   2.04999852       1.43188274       1.43178165    
   2.05999851       1.43539190       1.43526947    
   2.06999850       1.43889201       1.43874896    
   2.07999849       1.44238305       1.44221997    
   2.08999848       1.44586539       1.44568276    
   2.09999847       1.44933867       1.44913709    
   2.10999846       1.45280313       1.45258343    
   2.11999846       1.45625889       1.45602143    
   2.12999845       1.45970619       1.45945144    
   2.13999844       1.46314466       1.46287334    
   2.14999843       1.46657443       1.46628726    
   2.15999842       1.46999598       1.46969330    
   2.16999841       1.47340882       1.47309148    
   2.17999840       1.47681320       1.47648180    
   2.18999839       1.48020935       1.47986436    
   2.19999838       1.48359728       1.48323917    
   2.20999837       1.48697650       1.48660636    
   2.21999836       1.49034798       1.48996592    
   2.22999835       1.49371135       1.49331784    
   2.23999834       1.49706638       1.49666238    
   2.24999833       1.50041378       1.49999940    
   2.25999832       1.50375295       1.50332904    
   2.26999831       1.50708425       1.50665140    
   2.27999830       1.51040745       1.50996637    
   2.28999829       1.51372302       1.51327407    
   2.29999828       1.51703095       1.51657450    
   2.30999827       1.52033091       1.51986790    
   2.31999826       1.52362347       1.52315402    
   2.32999825       1.52690816       1.52643323    
   2.33999825       1.53018546       1.52970529    
   2.34999824       1.53345525       1.53297043    
   2.35999823       1.53671741       1.53622854    
   2.36999822       1.53997231       1.53947985    
   2.37999821       1.54322004       1.54272425    
   2.38999820       1.54646015       1.54596186    
   2.39999819       1.54969323       1.54919279    
   2.40999818       1.55291903       1.55241692    
   2.41999817       1.55613744       1.55563438    
   2.42999816       1.55934906       1.55884516    
   2.43999815       1.56255352       1.56204939    
   2.44999814       1.56575108       1.56524694    
   2.45999813       1.56894124       1.56843817    
   2.46999812       1.57212496       1.57162273    
   2.47999811       1.57530165       1.57480097    
   2.48999810       1.57847154       1.57797277    
   2.49999809       1.58163452       1.58113825    
   2.50999808       1.58479095       1.58429730    
   2.51999807       1.58794069       1.58745015    
   2.52999806       1.59108377       1.59059680    
   2.53999805       1.59422004       1.59373713    
   2.54999804       1.59735000       1.59687138    
   2.55999804       1.60047340       1.59999943    
   2.56999803       1.60359025       1.60312128    
   2.57999802       1.60670078       1.60623717    
   2.58999801       1.60980487       1.60934711    
   2.59999800       1.61290276       1.61245096    
   2.60999799       1.61599433       1.61554885    
   2.61999798       1.61907959       1.61864078    
   2.62999797       1.62215877       1.62172687    
   2.63999796       1.62523162       1.62480700    
   2.64999795       1.62829852       1.62788141    
   2.65999794       1.63135934       1.63094997    
   2.66999793       1.63441432       1.63401282    
   2.67999792       1.63746309       1.63706994    
   2.68999791       1.64050567       1.64012134    
   2.69999790       1.64354265       1.64316702    
   2.70999789       1.64657366       1.64620709    
   2.71999788       1.64959896       1.64924157    
   2.72999787       1.65261817       1.65227056    
   2.73999786       1.65563226       1.65529394    
   2.74999785       1.65864015       1.65831172    
   2.75999784       1.66164267       1.66132414    
   2.76999784       1.66463947       1.66433108    
   2.77999783       1.66763067       1.66733253    
   2.78999782       1.67061615       1.67032862    
   2.79999781       1.67359626       1.67331934    
   2.80999780       1.67657101       1.67630482    
   2.81999779       1.67954016       1.67928493    
   2.82999778       1.68250418       1.68225968    
   2.83999777       1.68546271       1.68522930    
   2.84999776       1.68841565       1.68819368    
   2.85999775       1.69136369       1.69115281    
   2.86999774       1.69430614       1.69410682    
   2.87999773       1.69724369       1.69705558    
   2.88999772       1.70017600       1.69999933    
   2.89999771       1.70310295       1.70293796    
   2.90999770       1.70602500       1.70587158    
   2.91999769       1.70894206       1.70880008    
   2.92999768       1.71185410       1.71172357    
   2.93999767       1.71476090       1.71464217    
   2.94999766       1.71766269       1.71755576    
   2.95999765       1.72055984       1.72046435    
   2.96999764       1.72345197       1.72336817    
   2.97999763       1.72633922       1.72626698    
   2.98999763       1.72922158       1.72916090    
   2.99999762       1.73209929       1.73205006    
   3.00999761       1.73497212       1.73493445    
   3.01999760       1.73784029       1.73781407    
   3.02999759       1.74070370       1.74068880    
   3.03999758       1.74356246       1.74355888    
   3.04999757       1.74641681       1.74642420    
   3.05999756       1.74926603       1.74928486    
   3.06999755       1.75211132       1.75214088    
   3.07999754       1.75495148       1.75499213    
   3.08999753       1.75778759       1.75783885    
   3.09999752       1.76061869       1.76068103    
   3.10999751       1.76344562       1.76351845    
   3.11999750       1.76626813       1.76635146    
   3.12999749       1.76908636       1.76917994    
   3.13999748       1.77189982       1.77200377    
   3.14999747       1.77470958       1.77482319    
   3.15999746       1.77751458       1.77763820    
   3.16999745       1.78031528       1.78044868    
   3.17999744       1.78311193       1.78325474    
   3.18999743       1.78590429       1.78605640    
   3.19999743       1.78869236       1.78885365    
   3.20999742       1.79147613       1.79164660    
   3.21999741       1.79425597       1.79443514    
   3.22999740       1.79703188       1.79721940    
   3.23999739       1.79980326       1.79999924    
   3.24999738       1.80257070       1.80277491    
   3.25999737       1.80533409       1.80554628    
   3.26999736       1.80809367       1.80831337    
   3.27999735       1.81084895       1.81107628    
   3.28999734       1.81360018       1.81383502    
   3.29999733       1.81634784       1.81658947    
   3.30999732       1.81909156       1.81933975    
   3.31999731       1.82183099       1.82208598    
   3.32999730       1.82456672       1.82482803    
   3.33999729       1.82729876       1.82756591    
   3.34999728       1.83002687       1.83029974    
   3.35999727       1.83275104       1.83302951    
   3.36999726       1.83547163       1.83575523    
   3.37999725       1.83818841       1.83847690    
   3.38999724       1.84090126       1.84119451    
   3.39999723       1.84361053       1.84390819    
   3.40999722       1.84631610       1.84661782    
   3.41999722       1.84901798       1.84932339    
   3.42999721       1.85171628       1.85202515    
   3.43999720       1.85441089       1.85472298    
   3.44999719       1.85710180       1.85741675    
   3.45999718       1.85978925       1.86010671    
   3.46999717       1.86247313       1.86279285    
   3.47999716       1.86515343       1.86547506    
   3.48999715       1.86783004       1.86815345    
   3.49999714       1.87050307       1.87082791    
   3.50999713       1.87317288       1.87349868    
   3.51999712       1.87583899       1.87616551    
   3.52999711       1.87850177       1.87882864    
   3.53999710       1.88116097       1.88148797    
   3.54999709       1.88381672       1.88414359    
   3.55999708       1.88646924       1.88679540    
   3.56999707       1.88911831       1.88944364    
   3.57999706       1.89176393       1.89208806    
   3.58999705       1.89440608       1.89472878    
   3.59999704       1.89704490       1.89736581    
   3.60999703       1.89968061       1.89999926    
   3.61999702       1.90231276       1.90262902    
   3.62999701       1.90494180       1.90525508    
   3.63999701       1.90756738       1.90787756    
   3.64999700       1.91018987       1.91049647    
   3.65999699       1.91280890       1.91311181    
   3.66999698       1.91542459       1.91572356    
   3.67999697       1.91803730       1.91833186    
   3.68999696       1.92064667       1.92093647    
   3.69999695       1.92325294       1.92353761    
   3.70999694       1.92585588       1.92613518    
   3.71999693       1.92845559       1.92872941    
   3.72999692       1.93105233       1.93131995    
   3.73999691       1.93364573       1.93390715    
   3.74999690       1.93623614       1.93649089    
   3.75999689       1.93882334       1.93907118    
   3.76999688       1.94140720       1.94164801    
   3.77999687       1.94398832       1.94422138    
   3.78999686       1.94656610       1.94679141    
   3.79999685       1.94914091       1.94935811    
   3.80999684       1.95171249       1.95192134    
   3.81999683       1.95428121       1.95448124    
   3.82999682       1.95684671       1.95703781    
   3.83999681       1.95940912       1.95959103    
   3.84999681       1.96196842       1.96214092    
   3.85999680       1.96452498       1.96468747    
   3.86999679       1.96707833       1.96723080    
   3.87999678       1.96962857       1.96977079    
   3.88999677       1.97217584       1.97230744    
   3.89999676       1.97472024       1.97484100    
   3.90999675       1.97726166       1.97737122    
   3.91999674       1.97979987       1.97989821    
   3.92999673       1.98233521       1.98242199    
   3.93999672       1.98486745       1.98494256    
   3.94999671       1.98739684       1.98745990    
   3.95999670       1.98992336       1.98997402    
   3.96999669       1.99244642       1.99248505    
   3.97999668       1.99496698       1.99499285    
   3.98999667       1.99748468       1.99749756    
   3.99999666       1.99999905       1.99999917    
   4.00999689       2.00251079       2.00249767    
   4.01999712       2.00501966       2.00499296    
   4.02999735       2.00752544       2.00748539    
   4.03999758       2.01002812       2.00997448    
   4.04999781       2.01252794       2.01246071    
   4.05999804       2.01502514       2.01494360    
   4.06999826       2.01751900       2.01742363    
   4.07999849       2.02001023       2.01990056    
   4.08999872       2.02249861       2.02237463    
   4.09999895       2.02498388       2.02484536    
   4.10999918       2.02746630       2.02731323    
   4.11999941       2.02994561       2.02977824    
   4.12999964       2.03242230       2.03224015    
   4.13999987       2.03489614       2.03469896    
   4.15000010       2.03736639       2.03715491    
   4.16000032       2.03983426       2.03960800    
   4.17000055       2.04229903       2.04205799    
   4.18000078       2.04476142       2.04450512    
   4.19000101       2.04722047       2.04694915    
   4.20000124       2.04967666       2.04939055    
   4.21000147       2.05212975       2.05182886    
   4.22000170       2.05457973       2.05426431    
   4.23000193       2.05702734       2.05669689    
   4.24000216       2.05947185       2.05912662    
   4.25000238       2.06191325       2.06155348    
   4.26000261       2.06435204       2.06397748    
   4.27000284       2.06678772       2.06639862    
   4.28000307       2.06922030       2.06881690    
   4.29000330       2.07164979       2.07123232    
   4.30000353       2.07407713       2.07364488    
   4.31000376       2.07650065       2.07605481    
   4.32000399       2.07892179       2.07846189    
   4.33000422       2.08133960       2.08086610    
   4.34000444       2.08375478       2.08326769    
   4.35000467       2.08616686       2.08566642    
   4.36000490       2.08857608       2.08806252    
   4.37000513       2.09098172       2.09045577    
   4.38000536       2.09338522       2.09284616    
   4.39000559       2.09578514       2.09523392    
   4.40000582       2.09818220       2.09761906    
   4.41000605       2.10057664       2.10000134    
   4.42000628       2.10296774       2.10238099    
   4.43000650       2.10535574       2.10475802    
   4.44000673       2.10774088       2.10713243    
   4.45000696       2.11012268       2.10950398    
   4.46000719       2.11250162       2.11187291    
   4.47000742       2.11487746       2.11423922    
   4.48000765       2.11725068       2.11660290    
   4.49000788       2.11962032       2.11896396    
   4.50000811       2.12198710       2.12132215    
   4.51000834       2.12435079       2.12367797    
   4.52000856       2.12671137       2.12603116    
   4.53000879       2.12906861       2.12838173    
   4.54000902       2.13142300       2.13072968    
   4.55000925       2.13377428       2.13307500    
   4.56000948       2.13612223       2.13541794    
   4.57000971       2.13846731       2.13775802    
   4.58000994       2.14080858       2.14009571    
   4.59001017       2.14314699       2.14243078    
   4.60001040       2.14548254       2.14476347    
   4.61001062       2.14781475       2.14709353    
   4.62001085       2.15014362       2.14942098    
   4.63001108       2.15246916       2.15174603    
   4.64001131       2.15479159       2.15406847    
   4.65001154       2.15711117       2.15638852    
   4.66001177       2.15942693       2.15870595    
   4.67001200       2.16173935       2.16102099    
   4.68001223       2.16404867       2.16333365    
   4.69001245       2.16635489       2.16564369    
   4.70001268       2.16865754       2.16795135    
   4.71001291       2.17095709       2.17025638    
   4.72001314       2.17325306       2.17255902    
   4.73001337       2.17554545       2.17485929    
   4.74001360       2.17783475       2.17715716    
   4.75001383       2.18012047       2.17945266    
   4.76001406       2.18240285       2.18174553    
   4.77001429       2.18468213       2.18403625    
   4.78001451       2.18695736       2.18632436    
   4.79001474       2.18922925       2.18861032    
   4.80001497       2.19149780       2.19089365    
   4.81001520       2.19376302       2.19317460    
   4.82001543       2.19602442       2.19545341    
   4.83001566       2.19828224       2.19772959    
   4.84001589       2.20053673       2.20000362    
   4.85001612       2.20278740       2.20227528    
   4.86001635       2.20503473       2.20454454    
   4.87001657       2.20727801       2.20681143    
   4.88001680       2.20951796       2.20907593    
   4.89001703       2.21175408       2.21133828    
   4.90001726       2.21398687       2.21359825    
   4.91001749       2.21621537       2.21585584    
   4.92001772       2.21844053       2.21811128    
   4.93001795       2.22066212       2.22036433    
   4.94001818       2.22287941       2.22261524    
   4.95001841       2.22509336       2.22486377    
   4.96001863       2.22730303       2.22710991    
   4.97001886       2.22950935       2.22935390    
   4.98001909       2.23171163       2.23159575    
   4.99001932       2.23390985       2.23383522    
   5.00001955       2.23610425       2.23607230    
   5.01001978       2.23829508       2.23830724    
   5.02002001       2.24048114       2.24054003    
   5.03002024       2.24266338       2.24277067    
   5.04002047       2.24484253       2.24499893    
   5.05002069       2.24701691       2.24722505    
   5.06002092       2.24918723       2.24944901    
   5.07002115       2.25135374       2.25167084    
   5.08002138       2.25351548       2.25389028    
   5.09002161       2.25567412       2.25610757    
   5.10002184       2.25782800       2.25832272    
   5.11002207       2.25997734       2.26053572    
   5.12002230       2.26212335       2.26274657    
   5.13002253       2.26426482       2.26495528    
   5.14002275       2.26640129       2.26716185    
   5.15002298       2.26853418       2.26936626    
   5.16002321       2.27066255       2.27156854    
   5.17002344       2.27278662       2.27376866    
   5.18002367       2.27490616       2.27596664    
   5.19002390       2.27702188       2.27816248    
   5.20002413       2.27913260       2.28035617    
   5.21002436       2.28123879       2.28254771    
   5.22002459       2.28334045       2.28473735    
   5.23002481       2.28543758       2.28692484    
   5.24002504       2.28753042       2.28911018    
   5.25002527       2.28961849       2.29129338    
   5.26002550       2.29170227       2.29347444    
   5.27002573       2.29378104       2.29565358    
   5.28002596       2.29585505       2.29783082    
   5.29002619       2.29792476       2.30000567    
   5.30002642       2.29998970       2.30217862    
   5.31002665       2.30204988       2.30434942    
   5.32002687       2.30410457       2.30651832    
   5.33002710       2.30615520       2.30868506    
   5.34002733       2.30819941       2.31084991    
   5.35002756       2.31024051       2.31301260    
   5.36002779       2.31227684       2.31517339    
   5.37002802       2.31430721       2.31733203    
   5.38002825       2.31633234       2.31948876    
   5.39002848       2.31835270       2.32164359    
   5.40002871       2.32036901       2.32379627    
   5.41002893       2.32237864       2.32594681    
   5.42002916       2.32438350       2.32809567    
   5.43002939       2.32638454       2.33024240    
   5.44002962       2.32837749       2.33238721    
   5.45002985       2.33036804       2.33452988    
   5.46003008       2.33235145       2.33667064    
   5.47003031       2.33433104       2.33880949    
   5.48003054       2.33630419       2.34094644    
   5.49003077       2.33827257       2.34308147    
   5.50003099       2.34023476       2.34521461    
   5.51003122       2.34219170       2.34734559    
   5.52003145       2.34414339       2.34947467    
   5.53003168       2.34608984       2.35160184    
   5.54003191       2.34803057       2.35372734    
   5.55003214       2.34996462       2.35585070    
   5.56003237       2.35189295       2.35797215    
   5.57003260       2.35381699       2.36009169    
   5.58003283       2.35573387       2.36220932    
   5.59003305       2.35764742       2.36432505    
   5.60003328       2.35955191       2.36643887    
   5.61003351       2.36145258       2.36855102    
   5.62003374       2.36334610       2.37066102    
   5.63003397       2.36523581       2.37276936    
   5.64003420       2.36711693       2.37487555    
   5.65003443       2.36899376       2.37698007    
   5.66003466       2.37086487       2.37908268    
   5.67003489       2.37272739       2.38118362    
   5.68003511       2.37458515       2.38328242    
   5.69003534       2.37643909       2.38537955    
   5.70003557       2.37828255       2.38747478    
   5.71003580       2.38012171       2.38956809    
   5.72003603       2.38195705       2.39165974    
   5.73003626       2.38378143       2.39374948    
   5.74003649       2.38559961       2.39583731    
   5.75003672       2.38741589       2.39792347    
   5.76003695       2.38922024       2.40000772    
   5.77003717       2.39102125       2.40209007    
   5.78003740       2.39281464       2.40417075    
   5.79003763       2.39460278       2.40624976    
   5.80003786       2.39638281       2.40832686    
   5.81003809       2.39815474       2.41040206    
   5.82003832       2.39992142       2.41247559    
   5.83003855       2.40168190       2.41454720    
   5.84003878       2.40343475       2.41661716    
   5.85003901       2.40518188       2.41868544    
   5.86003923       2.40692234       2.42075181    
   5.87003946       2.40865231       2.42281651    
   5.88003969       2.41037750       2.42487931    
   5.89003992       2.41209507       2.42694044    
   5.90004015       2.41380978       2.42899990    
   5.91004038       2.41550922       2.43105745    
   5.92004061       2.41720486       2.43311334    
   5.93004084       2.41889381       2.43516755    
   5.94004107       2.42057419       2.43721986    
   5.95004129       2.42225170       2.43927073    
   5.96004152       2.42391682       2.44131970    
   5.97004175       2.42557430       2.44336700    
   5.98004198       2.42722702       2.44541240    
   5.99004221       2.42887211       2.44745636    
   6.00004244       2.43050766       2.44949841    
   6.01004267       2.43213654       2.45153880    
   6.02004290       2.43375492       2.45357752    
   6.03004313       2.43536854       2.45561457    
   6.04004335       2.43697262       2.45764995    
   6.05004358       2.43857193       2.45968366    
   6.06004381       2.44015598       2.46171570    
   6.07004404       2.44173908       2.46374583    
   6.08004427       2.44331360       2.46577454    
   6.09004450       2.44487762       2.46780157    
   6.10004473       2.44643497       2.46982694    
   6.11004496       2.44798565       2.47185040    
   6.12004519       2.44952297       2.47387242    
   6.13004541       2.45105267       2.47589278    
   6.14004564       2.45257664       2.47791147    
   6.15004587       2.45409012       2.47992849    
   6.16004610       2.45559406       2.48194408    
   6.17004633       2.45709419       2.48395777    
   6.18004656       2.45858097       2.48597002    
   6.19004679       2.46006203       2.48798037    
   6.20004702       2.46153927       2.48998928    
   6.21004725       2.46299744       2.49199653    
   6.22004747       2.46445179       2.49400234    
   6.23004770       2.46589756       2.49600625    
   6.24004793       2.46732903       2.49800873    
   6.25004816       2.46875668       2.50000954    
   6.26004839       2.47017288       2.50200891    
   6.27004862       2.47158623       2.50400662    
   6.28004885       2.47297859       2.50600266    
   6.29004908       2.47437096       2.50799704    
   6.30004930       2.47574997       2.50998998    
   6.31004953       2.47711563       2.51198125    
   6.32004976       2.47848320       2.51397085    
   6.33004999       2.47983551       2.51595902    
   6.34005022       2.48117638       2.51794553    
   6.35005045       2.48251152       2.51993060    
   6.36005068       2.48382759       2.52191401    
   6.37005091       2.48514557       2.52389598    
   6.38005114       2.48644638       2.52587628    
   6.39005136       2.48773956       2.52785516    
   6.40005159       2.48901939       2.52983236    
   6.41005182       2.49029541       2.53180790    
   6.42005205       2.49156570       2.53378224    
   6.43005228       2.49281502       2.53575468    
   6.44005251       2.49406052       2.53772593    
   6.45005274       2.49528503       2.53969550    
   6.46005297       2.49651146       2.54166341    
   6.47005320       2.49772072       2.54362988    
   6.48005342       2.49892426       2.54559493    
   6.49005365       2.50010490       2.54755831    
   6.50005388       2.50129318       2.54952025    
   6.51005411       2.50245476       2.55148077    
   6.52005434       2.50361443       2.55343962    
   6.53005457       2.50476646       2.55539703    
   6.54005480       2.50590897       2.55735302    
   6.55005503       2.50703049       2.55930758    
   6.56005526       2.50813866       2.56126046    
   6.57005548       2.50924873       2.56321192    
   6.58005571       2.51034927       2.56516194    
   6.59005594       2.51142120       2.56711054    
   6.60005617       2.51249123       2.56905746    
   6.61005640       2.51354980       2.57100296    
   6.62005663       2.51459503       2.57294703    
   6.63005686       2.51563454       2.57488966    
   6.64005709       2.51665878       2.57683086    
   6.65005732       2.51767540       2.57877040    
   6.66005754       2.51867294       2.58070874    
   6.67005777       2.51965523       2.58264542    
   6.68005800       2.52063560       2.58458090    
   6.69005823       2.52159691       2.58651471    
   6.70005846       2.52255249       2.58844709    
   6.71005869       2.52348900       2.59037805    
   6.72005892       2.52442360       2.59230757    
   6.73005915       2.52533913       2.59423566    
   6.74005938       2.52623940       2.59616232    
   6.75005960       2.52714348       2.59808779    
   6.76005983       2.52802467       2.60001159    
   6.77006006       2.52888870       2.60193396    
   6.78006029       2.52973366       2.60385489    
   6.79006052       2.53058243       2.60577440    
   6.80006075       2.53141975       2.60769272    
   6.81006098       2.53222847       2.60960937    
   6.82006121       2.53302574       2.61152458    
   6.83006144       2.53382492       2.61343861    
   6.84006166       2.53459740       2.61535120    
   6.85006189       2.53536224       2.61726236    
   6.86006212       2.53611565       2.61917210    
   6.87006235       2.53686142       2.62108040    
   6.88006258       2.53758049       2.62298727    
   6.89006281       2.53829002       2.62489295    
   6.90006304       2.53898811       2.62679720    
   6.91006327       2.53967476       2.62870002    
   6.92006350       2.54033470       2.63060141    
   6.93006372       2.54099655       2.63250136    
   6.94006395       2.54164696       2.63440013    
   6.95006418       2.54227448       2.63629746    
   6.96006441       2.54288864       2.63819337    
   6.97006464       2.54348755       2.64008808    
   6.98006487       2.54407120       2.64198112    
   6.99006510       2.54463959       2.64387321    
   7.00006533       2.54520416       2.64576364    
   7.01006556       2.54574203       2.64765286    
   7.02006578       2.54628372       2.64954066    
   7.03006601       2.54679489       2.65142727    
   7.04006624       2.54729080       2.65331221    
   7.05006647       2.54777908       2.65519619    
   7.06006670       2.54825592       2.65707850    
   7.07006693       2.54870605       2.65895963    
   7.08006716       2.54915237       2.66083956    
   7.09006739       2.54957962       2.66271806    
   7.10006762       2.54999161       2.66459513    
   7.11006784       2.55037689       2.66647100    
   7.12006807       2.55076981       2.66834545    
   7.13006830       2.55113220       2.67021871    
   7.14006853       2.55148315       2.67209077    
   7.15006876       2.55183029       2.67396116    
   7.16006899       2.55213165       2.67583060    
   7.17006922       2.55243683       2.67769837    
   7.18006945       2.55273056       2.67956519    
   7.19006968       2.55299759       2.68143058    
   7.20006990       2.55325317       2.68329453    
   7.21007013       2.55349350       2.68515730    
   7.22007036       2.55371475       2.68701887    
   7.23007059       2.55392838       2.68887901    
   7.24007082       2.55413437       2.69073796    
   7.25007105       2.55427933       2.69259548    
   7.26007128       2.55446625       2.69445205    
   7.27007151       2.55459976       2.69630694    
   7.28007174       2.55471802       2.69816089    
   7.29007196       2.55482101       2.70001340    
   7.30007219       2.55493546       2.70186448    
   7.31007242       2.55500412       2.70371461    
   7.32007265       2.55505371       2.70556331    
   7.33007288       2.55509949       2.70741081    
   7.34007311       2.55511093       2.70925689    
   7.35007334       2.55513000       2.71110177    
   7.36007357       2.55513382       2.71294546    
   7.37007380       2.55509949       2.71478796    
   7.38007402       2.55504227       2.71662927    
   7.39007425       2.55496597       2.71846914    
   7.40007448       2.55490112       2.72030783    
   7.41007471       2.55479050       2.72214532    
   7.42007494       2.55470276       2.72398138    
   7.43007517       2.55455399       2.72581649    
   7.44007540       2.55440140       2.72765017    
   7.45007563       2.55424118       2.72948265    
   7.46007586       2.55403519       2.73131394    
   7.47007608       2.55380630       2.73314404    
   7.48007631       2.55363083       2.73497272    
   7.49007654       2.55335617       2.73680043    
   7.50007677       2.55311584       2.73862672    
   7.51007700       2.55283737       2.74045205    
   7.52007723       2.55251312       2.74227595    
   7.53007746       2.55220413       2.74409866    
   7.54007769       2.55187225       2.74592018    
   7.55007792       2.55149078       2.74774051    
   7.56007814       2.55114365       2.74955964    
   7.57007837       2.55072784       2.75137758    
   7.58007860       2.55033112       2.75319433    
   7.59007883       2.54990005       2.75500965    
   7.60007906       2.54943848       2.75682402    
   7.61007929       2.54896927       2.75863719    
   7.62007952       2.54843903       2.76044917    
   7.63007975       2.54796219       2.76225996    
   7.64007998       2.54738998       2.76406956    
   7.65008020       2.54687881       2.76587772    
   7.66008043       2.54628372       2.76768494    
   7.67008066       2.54569244       2.76949096    
   7.68008089       2.54508591       2.77129579    
   7.69008112       2.54446793       2.77309966    
   7.70008135       2.54377747       2.77490211    
   7.71008158       2.54313660       2.77670336    
   7.72008181       2.54242325       2.77850342    
   7.73008204       2.54171371       2.78030252    
   7.74008226       2.54096985       2.78210044    
   7.75008249       2.54020691       2.78389692    
   7.76008272       2.53942108       2.78569245    
   7.77008295       2.53863525       2.78748679    
   7.78008318       2.53782654       2.78927994    
   7.79008341       2.53693390       2.79107213    
   7.80008364       2.53611755       2.79286289    
   7.81008387       2.53521729       2.79465270    
   7.82008410       2.53430176       2.79644132    
   7.83008432       2.53337097       2.79822874    
   7.84008455       2.53241730       2.80001521    
   7.85008478       2.53142548       2.80180025    
   7.86008501       2.53044891       2.80358434    
   7.87008524       2.52945709       2.80536723    
   7.88008547       2.52838135       2.80714893    
   7.89008570       2.52727509       2.80892968    
   7.90008593       2.52623749       2.81070924    
   7.91008615       2.52511597       2.81248760    
   7.92008638       2.52400208       2.81426477    
   7.93008661       2.52282715       2.81604099    
   7.94008684       2.52164459       2.81781602    
   7.95008707       2.52043915       2.81958985    
   7.96008730       2.51922607       2.82136273    
   7.97008753       2.51798248       2.82313442    
   7.98008776       2.51672363       2.82490492    
   7.99008799       2.51544952       2.82667446    
   8.00008774       2.51409912       2.82844257    
   8.01008797       2.51276398       2.83020997    
   8.02008820       2.51137543       2.83197594    
   8.03008842       2.50999451       2.83374095    
   8.04008865       2.50859833       2.83550501    
   8.05008888       2.50712585       2.83726788    
   8.06008911       2.50567627       2.83902955    
   8.07008934       2.50422668       2.84079027    
   8.08008957       2.50265503       2.84254980    
   8.09008980       2.50113678       2.84430838    
   8.10009003       2.49959564       2.84606576    
   8.11009026       2.49797058       2.84782195    
   8.12009048       2.49641418       2.84957719    
   8.13009071       2.49475098       2.85133147    
   8.14009094       2.49307251       2.85308456    
   8.15009117       2.49137878       2.85483646    
   8.16009140       2.48970795       2.85658741    
   8.17009163       2.48795319       2.85833716    
   8.18009186       2.48618317       2.86008596    
   8.19009209       2.48433685       2.86183381    
   8.20009232       2.48256683       2.86358023    
   8.21009254       2.48073578       2.86532593    
   8.22009277       2.47886658       2.86707044    
   8.23009300       2.47696686       2.86881375    
   8.24009323       2.47505188       2.87055635    
   8.25009346       2.47312927       2.87229753    
   8.26009369       2.47114563       2.87403798    
   8.27009392       2.46915436       2.87577701    
   8.28009415       2.46710968       2.87751532    
   8.29009438       2.46505737       2.87925243    
   8.30009460       2.46298981       2.88098836    
   8.31009483       2.46089935       2.88272357    
   8.32009506       2.45868683       2.88445759    
   8.33009529       2.45653534       2.88619041    
   8.34009552       2.45439148       2.88792229    
   8.35009575       2.45216370       2.88965321    
   8.36009598       2.44991302       2.89138317    
   8.37009621       2.44765472       2.89311194    
   8.38009644       2.44535065       2.89483953    
   8.39009666       2.44301605       2.89656639    
   8.40009689       2.44068146       2.89829206    
   8.41009712       2.43830872       2.90001678    
   8.42009735       2.43589020       2.90174031    
   8.43009758       2.43340302       2.90346313    
   8.44009781       2.43092346       2.90518475    
   8.45009804       2.42850494       2.90690517    
   8.46009827       2.42593384       2.90862489    
   8.47009850       2.42333984       2.91034341    
   8.48009872       2.42080688       2.91206098    
   8.49009895       2.41819763       2.91377735    
   8.50009918       2.41553497       2.91549301    
   8.51009941       2.41285706       2.91720748    
   8.52009964       2.41014862       2.91892099    
   8.53009987       2.40740967       2.92063355    
   8.54010010       2.40462494       2.92234492    
   8.55010033       2.40183258       2.92405558    
   8.56010056       2.39899445       2.92576504    
   8.57010078       2.39615631       2.92747355    
   8.58010101       2.39331055       2.92918086    
   8.59010124       2.39030457       2.93088746    
   8.60010147       2.38741302       2.93259287    
   8.61010170       2.38443756       2.93429756    
   8.62010193       2.38136292       2.93600106    
   8.63010216       2.37842560       2.93770361    
   8.64010239       2.37535858       2.93940520    
   8.65010262       2.37220001       2.94110560    
   8.66010284       2.36911011       2.94280529    
   8.67010307       2.36590576       2.94450378    
   8.68010330       2.36270142       2.94620156    
   8.69010353       2.35955811       2.94789815    
   8.70010376       2.35626221       2.94959378    
   8.71010399       2.35289001       2.95128846    
   8.72010422       2.34963989       2.95298219    
   8.73010445       2.34626770       2.95467496    
   8.74010468       2.34284973       2.95636678    
   8.75010490       2.33946228       2.95805764    
   8.76010513       2.33599854       2.95974755    
   8.77010536       2.33251953       2.96143627    
   8.78010559       2.32901001       2.96312428    
   8.79010582       2.32546997       2.96481133    
   8.80010605       2.32183838       2.96649718    
   8.81010628       2.31822205       2.96818233    
   8.82010651       2.31459045       2.96986651    
   8.83010674       2.31088257       2.97154951    
   8.84010696       2.30718994       2.97323179    
   8.85010719       2.30337524       2.97491288    
   8.86010742       2.29960632       2.97659326    
   8.87010765       2.29577637       2.97827268    
   8.88010788       2.29191589       2.97995090    
   8.89010811       2.28807068       2.98162842    
   8.90010834       2.28411865       2.98330498    
   8.91010857       2.28018188       2.98498058    
   8.92010880       2.27613831       2.98665524    
   8.93010902       2.27217102       2.98832870    
   8.94010925       2.26806641       2.99000144    
   8.95010948       2.26397705       2.99167347    
   8.96010971       2.25985718       2.99334431    
   8.97010994       2.25578308       2.99501419    
   8.98011017       2.25151062       2.99668312    
   8.99011040       2.24722290       2.99835134    
   9.00011063       2.24299622       3.00001836    
   9.01011086       2.23870850       3.00168467    
   9.02011108       2.23428345       3.00335002    
   9.03011131       2.22994995       3.00501442    
   9.04011154       2.22543335       3.00667787    
   9.05011177       2.22103882       3.00834036    
   9.06011200       2.21647644       3.01000190    
   9.07011223       2.21199036       3.01166272    
   9.08011246       2.20744324       3.01332259    
   9.09011269       2.20289612       3.01498127    
   9.10011292       2.19818115       3.01663923    
   9.11011314       2.19352722       3.01829648    
   9.12011337       2.18875122       3.01995254    
   9.13011360       2.18402100       3.02160788    
   9.14011383       2.17927551       3.02326202    
   9.15011406       2.17449951       3.02491546    
   9.16011429       2.16946411       3.02656817    
   9.17011452       2.16462708       3.02821970    
   9.18011475       2.15965271       3.02987051    
   9.19011497       2.15464783       3.03152013    
   9.20011520       2.14964294       3.03316927    
   9.21011543       2.14457703       3.03481722    
   9.22011566       2.13940430       3.03646445    
   9.23011589       2.13435364       3.03811049    
   9.24011612       2.12922668       3.03975582    
   9.25011635       2.12397766       3.04140043    
   9.26011658       2.11872864       3.04304385    
   9.27011681       2.11334229       3.04468656    
   9.28011703       2.10807800       3.04632854    
   9.29011726       2.10267639       3.04796934    
   9.30011749       2.09727478       3.04960942    
   9.31011772       2.09184265       3.05124855    
   9.32011795       2.08625793       3.05288672    
   9.33011818       2.08071899       3.05452418    
   9.34011841       2.07522583       3.05616069    
   9.35011864       2.06964111       3.05779648    
   9.36011887       2.06391907       3.05943108    
   9.37011909       2.05813599       3.06106496    
   9.38011932       2.05247498       3.06269813    
   9.39011955       2.04669189       3.06433010    
   9.40011978       2.04084778       3.06596136    
   9.41012001       2.03503418       3.06759191    
   9.42012024       2.02911377       3.06922150    
   9.43012047       2.02308655       3.07085013    
   9.44012070       2.01713562       3.07247806    
   9.45012093       2.01112366       3.07410479    
   9.46012115       2.00498962       3.07573104    
   9.47012138       1.99891663       3.07735634    
   9.48012161       1.99264526       3.07898068    
   9.49012184       1.98648071       3.08060408    
   9.50012207       1.98030090       3.08222675    
   9.51012230       1.97398376       3.08384871    
   9.52012253       1.96752930       3.08546948    
   9.53012276       1.96124268       3.08708978    
   9.54012299       1.95489502       3.08870888    
   9.55012321       1.94828796       3.09032726    
   9.56012344       1.94189453       3.09194493    
   9.57012367       1.93539429       3.09356165    
   9.58012390       1.92864990       3.09517741    
   9.59012413       1.92213440       3.09679246    
   9.60012436       1.91531372       3.09840679    
   9.61012459       1.90867615       3.10002017    
   9.62012482       1.90182495       3.10163260    
   9.63012505       1.89492798       3.10324430    
   9.64012527       1.88818359       3.10485506    
   9.65012550       1.88122559       3.10646510    
   9.66012573       1.87435913       3.10807419    
   9.67012596       1.86730957       3.10968256    
   9.68012619       1.86026001       3.11129022    
   9.69012642       1.85317993       3.11289668    
   9.70012665       1.84599304       3.11450267    
   9.71012688       1.83866882       3.11610770    
   9.72012711       1.83163452       3.11771178    
   9.73012733       1.82420349       3.11931515    
   9.74012756       1.81700134       3.12091780    
   9.75012779       1.80960083       3.12251949    
   9.76012802       1.80209351       3.12412047    
   9.77012825       1.79467773       3.12572050    
   9.78012848       1.78704834       3.12731981    
   9.79012871       1.77955627       3.12891817    
   9.80012894       1.77209473       3.13051581    
   9.81012917       1.76440430       3.13211250    
   9.82012939       1.75657654       3.13370848    
   9.83012962       1.74884033       3.13530374    
   9.84012985       1.74093628       3.13689804    
   9.85013008       1.73318481       3.13849163    
   9.86013031       1.72528076       3.14008451    
   9.87013054       1.71740723       3.14167643    
   9.88013077       1.70932007       3.14326763    
   9.89013100       1.70123291       3.14485788    
   9.90013123       1.69311523       3.14644742    
   9.91013145       1.68502808       3.14803624    
   9.92013168       1.67687988       3.14962411    
   9.93013191       1.66870117       3.15121126    
   9.94013214       1.66043091       3.15279746    
   9.95013237       1.65200806       3.15438294    
   9.96013260       1.64364624       3.15596771    
   9.97013283       1.63519287       3.15755177    
   9.98013306       1.62670898       3.15913486    
   9.99013329       1.61825562       3.16071725    
