   0.00000000      0.414100409       0.00000000    
   9.99999978E-03  0.421126992      0.100000001    
   1.99999996E-02  0.428126365      0.141421348    
   2.99999993E-02  0.435098708      0.173205078    
   3.99999991E-02  0.442043960      0.200000003    
   4.99999970E-02  0.448962390      0.223606795    
   5.99999949E-02  0.455854207      0.244948968    
   6.99999928E-02  0.462719202      0.264575124    
   7.99999908E-02  0.469557822      0.282842696    
   8.99999887E-02  0.476369977      0.299999982    
   9.99999866E-02  0.483155906      0.316227734    
  0.109999985      0.489915669      0.331662446    
  0.119999982      0.496649325      0.346410125    
  0.129999980      0.503357112      0.360555112    
  0.139999986      0.510039032      0.374165714    
  0.149999991      0.516695261      0.387298316    
  0.159999996      0.523326039      0.400000006    
  0.170000002      0.529931188      0.412310570    
  0.180000007      0.536510944      0.424264073    
  0.190000013      0.543065548      0.435889900    
  0.200000018      0.549594998      0.447213620    
  0.210000023      0.556099415      0.458257586    
  0.220000029      0.562578917      0.469041616    
  0.230000034      0.569033682      0.479583174    
  0.240000039      0.575463772      0.489897996    
  0.250000030      0.581869125      0.500000000    
  0.260000020      0.588250160      0.509902000    
  0.270000011      0.594606757      0.519615233    
  0.280000001      0.600939155      0.529150248    
  0.289999992      0.607247472      0.538516462    
  0.299999982      0.613531649      0.547722518    
  0.309999973      0.619792044      0.556776404    
  0.319999963      0.626028597      0.565685391    
  0.329999954      0.632241488      0.574456215    
  0.339999944      0.638430715      0.583095133    
  0.349999934      0.644596517      0.591607928    
  0.359999925      0.650738895      0.599999964    
  0.369999915      0.656858087      0.608276188    
  0.379999906      0.662954211      0.616441309    
  0.389999896      0.669027150      0.624499738    
  0.399999887      0.675077200      0.632455468    
  0.409999877      0.681104422      0.640312314    
  0.419999868      0.687108994      0.648073971    
  0.429999858      0.693090856      0.655743718    
  0.439999849      0.699050188      0.663324833    
  0.449999839      0.704987228      0.670820296    
  0.459999830      0.710901916      0.678232849    
  0.469999820      0.716794431      0.685565352    
  0.479999810      0.722664833      0.692820191    
  0.489999801      0.728513300      0.699999869    
  0.499999791      0.734339833      0.707106650    
  0.509999812      0.740144610      0.714142740    
  0.519999802      0.745927811      0.721110106    
  0.529999793      0.751689315      0.728010833    
  0.539999783      0.757429421      0.734846771    
  0.549999774      0.763148189      0.741619706    
  0.559999764      0.768845677      0.748331308    
  0.569999754      0.774522007      0.754983306    
  0.579999745      0.780177295      0.761577129    
  0.589999735      0.785811603      0.768114388    
  0.599999726      0.791425049      0.774596512    
  0.609999716      0.797017753      0.781024814    
  0.619999707      0.802589953      0.787400603    
  0.629999697      0.808141410      0.793725193    
  0.639999688      0.813672543      0.799999833    
  0.649999678      0.819183290      0.806225598    
  0.659999669      0.824673831      0.812403619    
  0.669999659      0.830144107      0.818535089    
  0.679999650      0.835594416      0.824620903    
  0.689999640      0.841024876      0.830662191    
  0.699999630      0.846435368      0.836659789    
  0.709999621      0.851826131      0.842614770    
  0.719999611      0.857197285      0.848527908    
  0.729999602      0.862548828      0.854400158    
  0.739999592      0.867881000      0.860232294    
  0.749999583      0.873193800      0.866025150    
  0.759999573      0.878487229      0.871779561    
  0.769999564      0.883761525      0.877496183    
  0.779999554      0.889016807      0.883175850    
  0.789999545      0.894253135      0.888819158    
  0.799999535      0.899470508      0.894426942    
  0.809999526      0.904669166      0.899999738    
  0.819999516      0.909849107      0.905538261    
  0.829999506      0.915010452      0.911043108    
  0.839999497      0.920153320      0.916514874    
  0.849999487      0.925277770      0.921954155    
  0.859999478      0.930383921      0.927361548    
  0.869999468      0.935471773      0.932737648    
  0.879999459      0.940541685      0.938082874    
  0.889999449      0.945593476      0.943397820    
  0.899999440      0.950627327      0.948683023    
  0.909999430      0.955643296      0.953938901    
  0.919999421      0.960641563      0.959165990    
  0.929999411      0.965622127      0.964364767    
  0.939999402      0.970585287      0.969535649    
  0.949999392      0.975530803      0.974679112    
  0.959999382      0.980458975      0.979795575    
  0.969999373      0.985369861      0.984885454    
  0.979999363      0.990263522      0.989949167    
  0.989999354      0.995140135      0.994987130    
  0.999999344      0.999999642      0.999999642    
   1.00999939       1.00484240       1.00498724    
   1.01999938       1.00966811       1.00995016    
   1.02999938       1.01447725       1.01488888    
   1.03999937       1.01926947       1.01980364    
   1.04999936       1.02404535       1.02469480    
   1.05999935       1.02880466       1.02956271    
   1.06999934       1.03354764       1.03440773    
   1.07999933       1.03827417       1.03923011    
   1.08999932       1.04298437       1.04403031    
   1.09999931       1.04767895       1.04880857    
   1.10999930       1.05235696       1.05356503    
   1.11999929       1.05701911       1.05830014    
   1.12999928       1.06166553       1.06301427    
   1.13999927       1.06629610       1.06770754    
   1.14999926       1.07091105       1.07238019    
   1.15999925       1.07551026       1.07703257    
   1.16999924       1.08009398       1.08166504    
   1.17999923       1.08466220       1.08627772    
   1.18999922       1.08921504       1.09087086    
   1.19999921       1.09375274       1.09544480    
   1.20999920       1.09827507       1.09999967    
   1.21999919       1.10278249       1.10453570    
   1.22999918       1.10727477       1.10905325    
   1.23999918       1.11175215       1.11355245    
   1.24999917       1.11621463       1.11803365    
   1.25999916       1.12066233       1.12249684    
   1.26999915       1.12509513       1.12694240    
   1.27999914       1.12951362       1.13137043    
   1.28999913       1.13391769       1.13578129    
   1.29999912       1.13830686       1.14017498    
   1.30999911       1.14268208       1.14455187    
   1.31999910       1.14704263       1.14891219    
   1.32999909       1.15138924       1.15325582    
   1.33999908       1.15572178       1.15758324    
   1.34999907       1.16004002       1.16189456    
   1.35999906       1.16434455       1.16619003    
   1.36999905       1.16863477       1.17046964    
   1.37999904       1.17291152       1.17473364    
   1.38999903       1.17717445       1.17898226    
   1.39999902       1.18142378       1.18321550    
   1.40999901       1.18565965       1.18743384    
   1.41999900       1.18988180       1.19163716    
   1.42999899       1.19409072       1.19582570    
   1.43999898       1.19828606       1.19999957    
   1.44999897       1.20246840       1.20415902    
   1.45999897       1.20663738       1.20830417    
   1.46999896       1.21079338       1.21243513    
   1.47999895       1.21493626       1.21655202    
   1.48999894       1.21906602       1.22065508    
   1.49999893       1.22318316       1.22474444    
   1.50999892       1.22728729       1.22882009    
   1.51999891       1.23137879       1.23288238    
   1.52999890       1.23545778       1.23693120    
   1.53999889       1.23952401       1.24096692    
   1.54999888       1.24357772       1.24498951    
   1.55999887       1.24761903       1.24899912    
   1.56999886       1.25164795       1.25299597    
   1.57999885       1.25566459       1.25698006    
   1.58999884       1.25966918       1.26095152    
   1.59999883       1.26366127       1.26491058    
   1.60999882       1.26764154       1.26885724    
   1.61999881       1.27160990       1.27279174    
   1.62999880       1.27556622       1.27671409    
   1.63999879       1.27951074       1.28062439    
   1.64999878       1.28344333       1.28452277    
   1.65999877       1.28736436       1.28840935    
   1.66999876       1.29127383       1.29228437    
   1.67999876       1.29517162       1.29614770    
   1.68999875       1.29905772       1.29999948    
   1.69999874       1.30293262       1.30384004    
   1.70999873       1.30679619       1.30766916    
   1.71999872       1.31064832       1.31148720    
   1.72999871       1.31448936       1.31529415    
   1.73999870       1.31831896       1.31909013    
   1.74999869       1.32213783       1.32287514    
   1.75999868       1.32594562       1.32664943    
   1.76999867       1.32974231       1.33041298    
   1.77999866       1.33352828       1.33416593    
   1.78999865       1.33730328       1.33790827    
   1.79999864       1.34106767       1.34164023    
   1.80999863       1.34482145       1.34536195    
   1.81999862       1.34856451       1.34907329    
   1.82999861       1.35229707       1.35277438    
   1.83999860       1.35601890       1.35646546    
   1.84999859       1.35973072       1.36014652    
   1.85999858       1.36343205       1.36381769    
   1.86999857       1.36712301       1.36747897    
   1.87999856       1.37080383       1.37113035    
   1.88999856       1.37447429       1.37477219    
   1.89999855       1.37813497       1.37840438    
   1.90999854       1.38178551       1.38202691    
   1.91999853       1.38542604       1.38564014    
   1.92999852       1.38905644       1.38924384    
   1.93999851       1.39267743       1.39283824    
   1.94999850       1.39628863       1.39642346    
   1.95999849       1.39988983       1.39999950    
   1.96999848       1.40348160       1.40356636    
   1.97999847       1.40706360       1.40712416    
   1.98999846       1.41063631       1.41067302    
   1.99999845       1.41419947       1.41421306    
   2.00999856       1.41775322       1.41774416    
   2.01999855       1.42129755       1.42126656    
   2.02999854       1.42483270       1.42478013    
   2.03999853       1.42835844       1.42828512    
   2.04999852       1.43187523       1.43178165    
   2.05999851       1.43538296       1.43526947    
   2.06999850       1.43888140       1.43874896    
   2.07999849       1.44237113       1.44221997    
   2.08999848       1.44585180       1.44568276    
   2.09999847       1.44932353       1.44913709    
   2.10999846       1.45278668       1.45258343    
   2.11999846       1.45624101       1.45602143    
   2.12999845       1.45968652       1.45945144    
   2.13999844       1.46312344       1.46287334    
   2.14999843       1.46655178       1.46628726    
   2.15999842       1.46997154       1.46969330    
   2.16999841       1.47338295       1.47309148    
   2.17999840       1.47678590       1.47648180    
   2.18999839       1.48018062       1.47986436    
   2.19999838       1.48356700       1.48323917    
   2.20999837       1.48694515       1.48660636    
   2.21999836       1.49031496       1.48996592    
   2.22999835       1.49367666       1.49331784    
   2.23999834       1.49703038       1.49666238    
   2.24999833       1.50037622       1.49999940    
   2.25999832       1.50371385       1.50332904    
   2.26999831       1.50704360       1.50665140    
   2.27999830       1.51036561       1.50996637    
   2.28999829       1.51367974       1.51327407    
   2.29999828       1.51698613       1.51657450    
   2.30999827       1.52028489       1.51986790    
   2.31999826       1.52357578       1.52315402    
   2.32999825       1.52685928       1.52643323    
   2.33999825       1.53013515       1.52970529    
   2.34999824       1.53340352       1.53297043    
   2.35999823       1.53666449       1.53622854    
   2.36999822       1.53991795       1.53947985    
   2.37999821       1.54316425       1.54272425    
   2.38999820       1.54640329       1.54596186    
   2.39999819       1.54963481       1.54919279    
   2.40999818       1.55285931       1.55241692    
   2.41999817       1.55607665       1.55563438    
   2.42999816       1.55928707       1.55884516    
   2.43999815       1.56249034       1.56204939    
   2.44999814       1.56568646       1.56524694    
   2.45999813       1.56887555       1.56843817    
   2.46999812       1.57205808       1.57162273    
   2.47999811       1.57523358       1.57480097    
   2.48999810       1.57840240       1.57797277    
   2.49999809       1.58156419       1.58113825    
   2.50999808       1.58471942       1.58429730    
   2.51999807       1.58786798       1.58745015    
   2.52999806       1.59100997       1.59059680    
   2.53999805       1.59414518       1.59373713    
   2.54999804       1.59727418       1.59687138    
   2.55999804       1.60039663       1.59999943    
   2.56999803       1.60351241       1.60312128    
   2.57999802       1.60662198       1.60623717    
   2.58999801       1.60972512       1.60934711    
   2.59999800       1.61282194       1.61245096    
   2.60999799       1.61591268       1.61554885    
   2.61999798       1.61899710       1.61864078    
   2.62999797       1.62207544       1.62172687    
   2.63999796       1.62514746       1.62480700    
   2.64999795       1.62821341       1.62788141    
   2.65999794       1.63127339       1.63094997    
   2.66999793       1.63432753       1.63401282    
   2.67999792       1.63737547       1.63706994    
   2.68999791       1.64041746       1.64012134    
   2.69999790       1.64345360       1.64316702    
   2.70999789       1.64648402       1.64620709    
   2.71999788       1.64950871       1.64924157    
   2.72999787       1.65252733       1.65227056    
   2.73999786       1.65554047       1.65529394    
   2.74999785       1.65854788       1.65831172    
   2.75999784       1.66154981       1.66132414    
   2.76999784       1.66454589       1.66433108    
   2.77999783       1.66753662       1.66733253    
   2.78999782       1.67052150       1.67032862    
   2.79999781       1.67350113       1.67331934    
   2.80999780       1.67647541       1.67630482    
   2.81999779       1.67944431       1.67928493    
   2.82999778       1.68240762       1.68225968    
   2.83999777       1.68536556       1.68522930    
   2.84999776       1.68831849       1.68819368    
   2.85999775       1.69126606       1.69115281    
   2.86999774       1.69420838       1.69410682    
   2.87999773       1.69714534       1.69705558    
   2.88999772       1.70007741       1.69999933    
   2.89999771       1.70300424       1.70293796    
   2.90999770       1.70592618       1.70587158    
   2.91999769       1.70884275       1.70880008    
   2.92999768       1.71175444       1.71172357    
   2.93999767       1.71466136       1.71464217    
   2.94999766       1.71756303       1.71755576    
   2.95999765       1.72046006       1.72046435    
   2.96999764       1.72335219       1.72336817    
   2.97999763       1.72623920       1.72626698    
   2.98999763       1.72912157       1.72916090    
   2.99999762       1.73199940       1.73205006    
   3.00999761       1.73487234       1.73493445    
   3.01999760       1.73774028       1.73781407    
   3.02999759       1.74060369       1.74068880    
   3.03999758       1.74346268       1.74355888    
   3.04999757       1.74631715       1.74642420    
   3.05999756       1.74916649       1.74928486    
   3.06999755       1.75201166       1.75214088    
   3.07999754       1.75485218       1.75499213    
   3.08999753       1.75768852       1.75783885    
   3.09999752       1.76052010       1.76068103    
   3.10999751       1.76334727       1.76351845    
   3.11999750       1.76616991       1.76635146    
   3.12999749       1.76898837       1.76917994    
   3.13999748       1.77180254       1.77200377    
   3.14999747       1.77461231       1.77482319    
   3.15999746       1.77741766       1.77763820    
   3.16999745       1.78021896       1.78044868    
   3.17999744       1.78301597       1.78325474    
   3.18999743       1.78580868       1.78605640    
   3.19999743       1.78859723       1.78885365    
   3.20999742       1.79138160       1.79164660    
   3.21999741       1.79416192       1.79443514    
   3.22999740       1.79693818       1.79721940    
   3.23999739       1.79971027       1.79999924    
   3.24999738       1.80247831       1.80277491    
   3.25999737       1.80524230       1.80554628    
   3.26999736       1.80800235       1.80831337    
   3.27999735       1.81075859       1.81107628    
   3.28999734       1.81351066       1.81383502    
   3.29999733       1.81625891       1.81658947    
   3.30999732       1.81900299       1.81933975    
   3.31999731       1.82174349       1.82208598    
   3.32999730       1.82448006       1.82482803    
   3.33999729       1.82721281       1.82756591    
   3.34999728       1.82994187       1.83029974    
   3.35999727       1.83266687       1.83302951    
   3.36999726       1.83538818       1.83575523    
   3.37999725       1.83810592       1.83847690    
   3.38999724       1.84081972       1.84119451    
   3.39999723       1.84353006       1.84390819    
   3.40999722       1.84623647       1.84661782    
   3.41999722       1.84893930       1.84932339    
   3.42999721       1.85163867       1.85202515    
   3.43999720       1.85433435       1.85472298    
   3.44999719       1.85702610       1.85741675    
   3.45999718       1.85971451       1.86010671    
   3.46999717       1.86239946       1.86279285    
   3.47999716       1.86508060       1.86547506    
   3.48999715       1.86775875       1.86815345    
   3.49999714       1.87043273       1.87082791    
   3.50999713       1.87310362       1.87349868    
   3.51999712       1.87577105       1.87616551    
   3.52999711       1.87843478       1.87882864    
   3.53999710       1.88109553       1.88148797    
   3.54999709       1.88375223       1.88414359    
   3.55999708       1.88640594       1.88679540    
   3.56999707       1.88905632       1.88944364    
   3.57999706       1.89170289       1.89208806    
   3.58999705       1.89434683       1.89472878    
   3.59999704       1.89698660       1.89736581    
   3.60999703       1.89962363       1.89999926    
   3.61999702       1.90225720       1.90262902    
   3.62999701       1.90488732       1.90525508    
   3.63999701       1.90751457       1.90787756    
   3.64999700       1.91013813       1.91049647    
   3.65999699       1.91275871       1.91311181    
   3.66999698       1.91537595       1.91572356    
   3.67999697       1.91798973       1.91833186    
   3.68999696       1.92060077       1.92093647    
   3.69999695       1.92320812       1.92353761    
   3.70999694       1.92581272       1.92613518    
   3.71999693       1.92841387       1.92872941    
   3.72999692       1.93101180       1.93131995    
   3.73999691       1.93360686       1.93390715    
   3.74999690       1.93619859       1.93649089    
   3.75999689       1.93878722       1.93907118    
   3.76999688       1.94137287       1.94164801    
   3.77999687       1.94395506       1.94422138    
   3.78999686       1.94653440       1.94679141    
   3.79999685       1.94911063       1.94935811    
   3.80999684       1.95168376       1.95192134    
   3.81999683       1.95425403       1.95448124    
   3.82999682       1.95682085       1.95703781    
   3.83999681       1.95938480       1.95959103    
   3.84999681       1.96194601       1.96214092    
   3.85999680       1.96450365       1.96468747    
   3.86999679       1.96705878       1.96723080    
   3.87999678       1.96961045       1.96977079    
   3.88999677       1.97215915       1.97230744    
   3.89999676       1.97470510       1.97484100    
   3.90999675       1.97724771       1.97737122    
   3.91999674       1.97978783       1.97989821    
   3.92999673       1.98232448       1.98242199    
   3.93999672       1.98485839       1.98494256    
   3.94999671       1.98738933       1.98745990    
   3.95999670       1.98991704       1.98997402    
   3.96999669       1.99244225       1.99248505    
   3.97999668       1.99496400       1.99499285    
   3.98999667       1.99748313       1.99749756    
   3.99999666       1.99999928       1.99999917    
   4.00999689       2.00251245       2.00249767    
   4.01999712       2.00502253       2.00499296    
   4.02999735       2.00752997       2.00748539    
   4.03999758       2.01003408       2.00997448    
   4.04999781       2.01253557       2.01246071    
   4.05999804       2.01503396       2.01494360    
   4.06999826       2.01752973       2.01742363    
   4.07999849       2.02002239       2.01990056    
   4.08999872       2.02251148       2.02237463    
   4.09999895       2.02499843       2.02484536    
   4.10999918       2.02748227       2.02731323    
   4.11999941       2.02996302       2.02977824    
   4.12999964       2.03244138       2.03224015    
   4.13999987       2.03491592       2.03469896    
   4.15000010       2.03738832       2.03715491    
   4.16000032       2.03985739       2.03960800    
   4.17000055       2.04232335       2.04205799    
   4.18000078       2.04478717       2.04450512    
   4.19000101       2.04724693       2.04694915    
   4.20000124       2.04970455       2.04939055    
   4.21000147       2.05215931       2.05182886    
   4.22000170       2.05461073       2.05426431    
   4.23000193       2.05705929       2.05669689    
   4.24000216       2.05950475       2.05912662    
   4.25000238       2.06194758       2.06155348    
   4.26000261       2.06438732       2.06397748    
   4.27000284       2.06682396       2.06639862    
   4.28000307       2.06925821       2.06881690    
   4.29000330       2.07168865       2.07123232    
   4.30000353       2.07411695       2.07364488    
   4.31000376       2.07654166       2.07605481    
   4.32000399       2.07896352       2.07846189    
   4.33000422       2.08138251       2.08086610    
   4.34000444       2.08379841       2.08326769    
   4.35000467       2.08621168       2.08566642    
   4.36000490       2.08862162       2.08806252    
   4.37000513       2.09102821       2.09045577    
   4.38000536       2.09343266       2.09284616    
   4.39000559       2.09583306       2.09523392    
   4.40000582       2.09823132       2.09761906    
   4.41000605       2.10062623       2.10000134    
   4.42000628       2.10301781       2.10238099    
   4.43000650       2.10540676       2.10475802    
   4.44000673       2.10779238       2.10713243    
   4.45000696       2.11017513       2.10950398    
   4.46000719       2.11255479       2.11187291    
   4.47000742       2.11493087       2.11423922    
   4.48000765       2.11730456       2.11660290    
   4.49000788       2.11967444       2.11896396    
   4.50000811       2.12204170       2.12132215    
   4.51000834       2.12440562       2.12367797    
   4.52000856       2.12676644       2.12603116    
   4.53000879       2.12912440       2.12838173    
   4.54000902       2.13147879       2.13072968    
   4.55000925       2.13383031       2.13307500    
   4.56000948       2.13617826       2.13541794    
   4.57000971       2.13852310       2.13775802    
   4.58000994       2.14086509       2.14009571    
   4.59001017       2.14320326       2.14243078    
   4.60001040       2.14553881       2.14476347    
   4.61001062       2.14787054       2.14709353    
   4.62001085       2.15019941       2.14942098    
   4.63001108       2.15252495       2.15174603    
   4.64001131       2.15484667       2.15406847    
   4.65001154       2.15716600       2.15638852    
   4.66001177       2.15948153       2.15870595    
   4.67001200       2.16179347       2.16102099    
   4.68001223       2.16410279       2.16333365    
   4.69001245       2.16640782       2.16564369    
   4.70001268       2.16870999       2.16795135    
   4.71001291       2.17100859       2.17025638    
   4.72001314       2.17330360       2.17255902    
   4.73001337       2.17559576       2.17485929    
   4.74001360       2.17788410       2.17715716    
   4.75001383       2.18016911       2.17945266    
   4.76001406       2.18245029       2.18174553    
   4.77001429       2.18472815       2.18403625    
   4.78001451       2.18700266       2.18632436    
   4.79001474       2.18927312       2.18861032    
   4.80001497       2.19154048       2.19089365    
   4.81001520       2.19380403       2.19317460    
   4.82001543       2.19606400       2.19545341    
   4.83001566       2.19832063       2.19772959    
   4.84001589       2.20057297       2.20000362    
   4.85001612       2.20282245       2.20227528    
   4.86001635       2.20506763       2.20454454    
   4.87001657       2.20730925       2.20681143    
   4.88001680       2.20954752       2.20907593    
   4.89001703       2.21178150       2.21133828    
   4.90001726       2.21401215       2.21359825    
   4.91001749       2.21623874       2.21585584    
   4.92001772       2.21846151       2.21811128    
   4.93001795       2.22068071       2.22036433    
   4.94001818       2.22289562       2.22261524    
   4.95001841       2.22510719       2.22486377    
   4.96001863       2.22731447       2.22710991    
   4.97001886       2.22951770       2.22935390    
   4.98001909       2.23171735       2.23159575    
   4.99001932       2.23391294       2.23383522    
   5.00001955       2.23610425       2.23607230    
   5.01001978       2.23829174       2.23830724    
   5.02002001       2.24047494       2.24054003    
   5.03002024       2.24265456       2.24277067    
   5.04002047       2.24482965       2.24499893    
   5.05002069       2.24700069       2.24722505    
   5.06002092       2.24916744       2.24944901    
   5.07002115       2.25133014       2.25167084    
   5.08002138       2.25348902       2.25389028    
   5.09002161       2.25564313       2.25610757    
   5.10002184       2.25779295       2.25832272    
   5.11002207       2.25993848       2.26053572    
   5.12002230       2.26207995       2.26274657    
   5.13002253       2.26421714       2.26495528    
   5.14002275       2.26634955       2.26716185    
   5.15002298       2.26847792       2.26936626    
   5.16002321       2.27060151       2.27156854    
   5.17002344       2.27272081       2.27376866    
   5.18002367       2.27483606       2.27596664    
   5.19002390       2.27694607       2.27816248    
   5.20002413       2.27905178       2.28035617    
   5.21002436       2.28115273       2.28254771    
   5.22002459       2.28324938       2.28473735    
   5.23002481       2.28534150       2.28692484    
   5.24002504       2.28742862       2.28911018    
   5.25002527       2.28951073       2.29129338    
   5.26002550       2.29158854       2.29347444    
   5.27002573       2.29366136       2.29565358    
   5.28002596       2.29572964       2.29783082    
   5.29002619       2.29779267       2.30000567    
   5.30002642       2.29985094       2.30217862    
   5.31002665       2.30190444       2.30434942    
   5.32002687       2.30395317       2.30651832    
   5.33002710       2.30599689       2.30868506    
   5.34002733       2.30803514       2.31084991    
   5.35002756       2.31006861       2.31301260    
   5.36002779       2.31209707       2.31517339    
   5.37002802       2.31412029       2.31733203    
   5.38002825       2.31613827       2.31948876    
   5.39002848       2.31815124       2.32164359    
   5.40002871       2.32015872       2.32379627    
   5.41002893       2.32216120       2.32594681    
   5.42002916       2.32415819       2.32809567    
   5.43002939       2.32614994       2.33024240    
   5.44002962       2.32813668       2.33238721    
   5.45002985       2.33011746       2.33452988    
   5.46003008       2.33209300       2.33667064    
   5.47003031       2.33406258       2.33880949    
   5.48003054       2.33602762       2.34094644    
   5.49003077       2.33798647       2.34308147    
   5.50003099       2.33993959       2.34521461    
   5.51003122       2.34188724       2.34734559    
   5.52003145       2.34382915       2.34947467    
   5.53003168       2.34576535       2.35160184    
   5.54003191       2.34769607       2.35372734    
   5.55003214       2.34962034       2.35585070    
   5.56003237       2.35153961       2.35797215    
   5.57003260       2.35345221       2.36009169    
   5.58003283       2.35535955       2.36220932    
   5.59003305       2.35726047       2.36432505    
   5.60003328       2.35915518       2.36643887    
   5.61003351       2.36104441       2.36855102    
   5.62003374       2.36292696       2.37066102    
   5.63003397       2.36480379       2.37276936    
   5.64003420       2.36667466       2.37487555    
   5.65003443       2.36853862       2.37698007    
   5.66003466       2.37039685       2.37908268    
   5.67003489       2.37224817       2.38118362    
   5.68003511       2.37409401       2.38328242    
   5.69003534       2.37593269       2.38537955    
   5.70003557       2.37776518       2.38747478    
   5.71003580       2.37959123       2.38956809    
   5.72003603       2.38141060       2.39165974    
   5.73003626       2.38322353       2.39374948    
   5.74003649       2.38502979       2.39583731    
   5.75003672       2.38682914       2.39792347    
   5.76003695       2.38862228       2.40000772    
   5.77003717       2.39040804       2.40209007    
   5.78003740       2.39218760       2.40417075    
   5.79003763       2.39396000       2.40624976    
   5.80003786       2.39572549       2.40832686    
   5.81003809       2.39748383       2.41040206    
   5.82003832       2.39923549       2.41247559    
   5.83003855       2.40098000       2.41454720    
   5.84003878       2.40271711       2.41661716    
   5.85003901       2.40444708       2.41868544    
   5.86003923       2.40616989       2.42075181    
   5.87003946       2.40788603       2.42281651    
   5.88003969       2.40959430       2.42487931    
   5.89003992       2.41129518       2.42694044    
   5.90004015       2.41298890       2.42899990    
   5.91004038       2.41467500       2.43105745    
   5.92004061       2.41635418       2.43311334    
   5.93004084       2.41802502       2.43516755    
   5.94004107       2.41968870       2.43721986    
   5.95004129       2.42134452       2.43927073    
   5.96004152       2.42299223       2.44131970    
   5.97004175       2.42463279       2.44336700    
   5.98004198       2.42626572       2.44541240    
   5.99004221       2.42789006       2.44745636    
   6.00004244       2.42950678       2.44949841    
   6.01004267       2.43111539       2.45153880    
   6.02004290       2.43271637       2.45357752    
   6.03004313       2.43430901       2.45561457    
   6.04004335       2.43589354       2.45764995    
   6.05004358       2.43746972       2.45968366    
   6.06004381       2.43903756       2.46171570    
   6.07004404       2.44059753       2.46374583    
   6.08004427       2.44214892       2.46577454    
   6.09004450       2.44369173       2.46780157    
   6.10004473       2.44522619       2.46982694    
   6.11004496       2.44675183       2.47185040    
   6.12004519       2.44826961       2.47387242    
   6.13004541       2.44977832       2.47589278    
   6.14004564       2.45127821       2.47791147    
   6.15004587       2.45276928       2.47992849    
   6.16004610       2.45425177       2.48194408    
   6.17004633       2.45572543       2.48395777    
   6.18004656       2.45718980       2.48597002    
   6.19004679       2.45864511       2.48798037    
   6.20004702       2.46009207       2.48998928    
   6.21004725       2.46152925       2.49199653    
   6.22004747       2.46295762       2.49400234    
   6.23004770       2.46437645       2.49600625    
   6.24004793       2.46578598       2.49800873    
   6.25004816       2.46718669       2.50000954    
   6.26004839       2.46857738       2.50200891    
   6.27004862       2.46995878       2.50400662    
   6.28004885       2.47133088       2.50600266    
   6.29004908       2.47269320       2.50799704    
   6.30004930       2.47404575       2.50998998    
   6.31004953       2.47538877       2.51198125    
   6.32004976       2.47672224       2.51397085    
   6.33004999       2.47804499       2.51595902    
   6.34005022       2.47935843       2.51794553    
   6.35005045       2.48066163       2.51993060    
   6.36005068       2.48195529       2.52191401    
   6.37005091       2.48323822       2.52389598    
   6.38005114       2.48451138       2.52587628    
   6.39005136       2.48577428       2.52785516    
   6.40005159       2.48702669       2.52983236    
   6.41005182       2.48826909       2.53180790    
   6.42005205       2.48950076       2.53378224    
   6.43005228       2.49072194       2.53575468    
   6.44005251       2.49193263       2.53772593    
   6.45005274       2.49313259       2.53969550    
   6.46005297       2.49432206       2.54166341    
   6.47005320       2.49550056       2.54362988    
   6.48005342       2.49666834       2.54559493    
   6.49005365       2.49782538       2.54755831    
   6.50005388       2.49897099       2.54952025    
   6.51005411       2.50010610       2.55148077    
   6.52005434       2.50122976       2.55343962    
   6.53005457       2.50234222       2.55539703    
   6.54005480       2.50344348       2.55735302    
   6.55005503       2.50453377       2.55930758    
   6.56005526       2.50561261       2.56126046    
   6.57005548       2.50667977       2.56321192    
   6.58005571       2.50773525       2.56516194    
   6.59005594       2.50877929       2.56711054    
   6.60005617       2.50981188       2.56905746    
   6.61005640       2.51083255       2.57100296    
   6.62005663       2.51184154       2.57294703    
   6.63005686       2.51283836       2.57488966    
   6.64005709       2.51382351       2.57683086    
   6.65005732       2.51479650       2.57877040    
   6.66005754       2.51575756       2.58070874    
   6.67005777       2.51670647       2.58264542    
   6.68005800       2.51764321       2.58458090    
   6.69005823       2.51856732       2.58651471    
   6.70005846       2.51947927       2.58844709    
   6.71005869       2.52037883       2.59037805    
   6.72005892       2.52126551       2.59230757    
   6.73005915       2.52214003       2.59423566    
   6.74005938       2.52300167       2.59616232    
   6.75005960       2.52385044       2.59808779    
   6.76005983       2.52468681       2.60001159    
   6.77006006       2.52550983       2.60193396    
   6.78006029       2.52632022       2.60385489    
   6.79006052       2.52711701       2.60577440    
   6.80006075       2.52790117       2.60769272    
   6.81006098       2.52867222       2.60960937    
   6.82006121       2.52942967       2.61152458    
   6.83006144       2.53017378       2.61343861    
   6.84006166       2.53090453       2.61535120    
   6.85006189       2.53162122       2.61726236    
   6.86006212       2.53232551       2.61917210    
   6.87006235       2.53301525       2.62108040    
   6.88006258       2.53369117       2.62298727    
   6.89006281       2.53435349       2.62489295    
   6.90006304       2.53500199       2.62679720    
   6.91006327       2.53563643       2.62870002    
   6.92006350       2.53625703       2.63060141    
   6.93006372       2.53686309       2.63250136    
   6.94006395       2.53745484       2.63440013    
   6.95006418       2.53803253       2.63629746    
   6.96006441       2.53859615       2.63819337    
   6.97006464       2.53914475       2.64008808    
   6.98006487       2.53967881       2.64198112    
   6.99006510       2.54019856       2.64387321    
   7.00006533       2.54070330       2.64576364    
   7.01006556       2.54119396       2.64765286    
   7.02006578       2.54166913       2.64954066    
   7.03006601       2.54212904       2.65142727    
   7.04006624       2.54257417       2.65331221    
   7.05006647       2.54300451       2.65519619    
   7.06006670       2.54341912       2.65707850    
   7.07006693       2.54381871       2.65895963    
   7.08006716       2.54420280       2.66083956    
   7.09006739       2.54457140       2.66271806    
   7.10006762       2.54492474       2.66459513    
   7.11006784       2.54526210       2.66647100    
   7.12006807       2.54558372       2.66834545    
   7.13006830       2.54588985       2.67021871    
   7.14006853       2.54617953       2.67209077    
   7.15006876       2.54645395       2.67396116    
   7.16006899       2.54671192       2.67583060    
   7.17006922       2.54695368       2.67769837    
   7.18006945       2.54717946       2.67956519    
   7.19006968       2.54738855       2.68143058    
   7.20006990       2.54758120       2.68329453    
   7.21007013       2.54775786       2.68515730    
   7.22007036       2.54791737       2.68701887    
   7.23007059       2.54806042       2.68887901    
   7.24007082       2.54818630       2.69073796    
   7.25007105       2.54829597       2.69259548    
   7.26007128       2.54838848       2.69445205    
   7.27007151       2.54846358       2.69630694    
   7.28007174       2.54852152       2.69816089    
   7.29007196       2.54856300       2.70001340    
   7.30007219       2.54858661       2.70186448    
   7.31007242       2.54859304       2.70371461    
   7.32007265       2.54858160       2.70556331    
   7.33007288       2.54855299       2.70741081    
   7.34007311       2.54850626       2.70925689    
   7.35007334       2.54844236       2.71110177    
   7.36007357       2.54836011       2.71294546    
   7.37007380       2.54825974       2.71478796    
   7.38007402       2.54814172       2.71662927    
   7.39007425       2.54800534       2.71846914    
   7.40007448       2.54785109       2.72030783    
   7.41007471       2.54767799       2.72214532    
   7.42007494       2.54748678       2.72398138    
   7.43007517       2.54727697       2.72581649    
   7.44007540       2.54704857       2.72765017    
   7.45007563       2.54680133       2.72948265    
   7.46007586       2.54653549       2.73131394    
   7.47007608       2.54625034       2.73314404    
   7.48007631       2.54594660       2.73497272    
   7.49007654       2.54562378       2.73680043    
   7.50007677       2.54528165       2.73862672    
   7.51007700       2.54492021       2.74045205    
   7.52007723       2.54453945       2.74227595    
   7.53007746       2.54413891       2.74409866    
   7.54007769       2.54371881       2.74592018    
   7.55007792       2.54327989       2.74774051    
   7.56007814       2.54282022       2.74955964    
   7.57007837       2.54234099       2.75137758    
   7.58007860       2.54184175       2.75319433    
   7.59007883       2.54132247       2.75500965    
   7.60007906       2.54078317       2.75682402    
   7.61007929       2.54022360       2.75863719    
   7.62007952       2.53964329       2.76044917    
   7.63007975       2.53904295       2.76225996    
   7.64007998       2.53842163       2.76406956    
   7.65008020       2.53778005       2.76587772    
   7.66008043       2.53711748       2.76768494    
   7.67008066       2.53643370       2.76949096    
   7.68008089       2.53572941       2.77129579    
   7.69008112       2.53500414       2.77309966    
   7.70008135       2.53425741       2.77490211    
   7.71008158       2.53348923       2.77670336    
   7.72008181       2.53270006       2.77850342    
   7.73008204       2.53188944       2.78030252    
   7.74008226       2.53105664       2.78210044    
   7.75008249       2.53020263       2.78389692    
   7.76008272       2.52932692       2.78569245    
   7.77008295       2.52842879       2.78748679    
   7.78008318       2.52750897       2.78927994    
   7.79008341       2.52656698       2.79107213    
   7.80008364       2.52560282       2.79286289    
   7.81008387       2.52461624       2.79465270    
   7.82008410       2.52360725       2.79644132    
   7.83008432       2.52257586       2.79822874    
   7.84008455       2.52152205       2.80001521    
   7.85008478       2.52044487       2.80180025    
   7.86008501       2.51934528       2.80358434    
   7.87008524       2.51822233       2.80536723    
   7.88008547       2.51707649       2.80714893    
   7.89008570       2.51590776       2.80892968    
   7.90008593       2.51471543       2.81070924    
   7.91008615       2.51350021       2.81248760    
   7.92008638       2.51226091       2.81426477    
   7.93008661       2.51099825       2.81604099    
   7.94008684       2.50971174       2.81781602    
   7.95008707       2.50840139       2.81958985    
   7.96008730       2.50706697       2.82136273    
   7.97008753       2.50570869       2.82313442    
   7.98008776       2.50432634       2.82490492    
   7.99008799       2.50291967       2.82667446    
   8.00008774       2.50148869       2.82844257    
   8.01008797       2.50003290       2.83020997    
   8.02008820       2.49855280       2.83197594    
   8.03008842       2.49704790       2.83374095    
   8.04008865       2.49551845       2.83550501    
   8.05008888       2.49396372       2.83726788    
   8.06008911       2.49238396       2.83902955    
   8.07008934       2.49077892       2.84079027    
   8.08008957       2.48914909       2.84254980    
   8.09008980       2.48749304       2.84430838    
   8.10009003       2.48581219       2.84606576    
   8.11009026       2.48410559       2.84782195    
   8.12009048       2.48237300       2.84957719    
   8.13009071       2.48061466       2.85133147    
   8.14009094       2.47883081       2.85308456    
   8.15009117       2.47702026       2.85483646    
   8.16009140       2.47518349       2.85658741    
   8.17009163       2.47332096       2.85833716    
   8.18009186       2.47143173       2.86008596    
   8.19009209       2.46951604       2.86183381    
   8.20009232       2.46757364       2.86358023    
   8.21009254       2.46560431       2.86532593    
   8.22009277       2.46360803       2.86707044    
   8.23009300       2.46158528       2.86881375    
   8.24009323       2.45953488       2.87055635    
   8.25009346       2.45745754       2.87229753    
   8.26009369       2.45535278       2.87403798    
   8.27009392       2.45321989       2.87577701    
   8.28009415       2.45106030       2.87751532    
   8.29009438       2.44887304       2.87925243    
   8.30009460       2.44665718       2.88098836    
   8.31009483       2.44441319       2.88272357    
   8.32009506       2.44214201       2.88445759    
   8.33009529       2.43984246       2.88619041    
   8.34009552       2.43751431       2.88792229    
   8.35009575       2.43515778       2.88965321    
   8.36009598       2.43277264       2.89138317    
   8.37009621       2.43035889       2.89311194    
   8.38009644       2.42791653       2.89483953    
   8.39009666       2.42544508       2.89656639    
   8.40009689       2.42294455       2.89829206    
   8.41009712       2.42041397       2.90001678    
   8.42009735       2.41785574       2.90174031    
   8.43009758       2.41526747       2.90346313    
   8.44009781       2.41264892       2.90518475    
   8.45009804       2.41000175       2.90690517    
   8.46009827       2.40732479       2.90862489    
   8.47009850       2.40461683       2.91034341    
   8.48009872       2.40187955       2.91206098    
   8.49009895       2.39911222       2.91377735    
   8.50009918       2.39631414       2.91549301    
   8.51009941       2.39348555       2.91720748    
   8.52009964       2.39062715       2.91892099    
   8.53009987       2.38773751       2.92063355    
   8.54010010       2.38481736       2.92234492    
   8.55010033       2.38186646       2.92405558    
   8.56010056       2.37888408       2.92576504    
   8.57010078       2.37587070       2.92747355    
   8.58010101       2.37282610       2.92918086    
   8.59010124       2.36975026       2.93088746    
   8.60010147       2.36664248       2.93259287    
   8.61010170       2.36350274       2.93429756    
   8.62010193       2.36033154       2.93600106    
   8.63010216       2.35712862       2.93770361    
   8.64010239       2.35389328       2.93940520    
   8.65010262       2.35062599       2.94110560    
   8.66010284       2.34732628       2.94280529    
   8.67010307       2.34399414       2.94450378    
   8.68010330       2.34062958       2.94620156    
   8.69010353       2.33723235       2.94789815    
   8.70010376       2.33380151       2.94959378    
   8.71010399       2.33033800       2.95128846    
   8.72010422       2.32684231       2.95298219    
   8.73010445       2.32331228       2.95467496    
   8.74010468       2.31974888       2.95636678    
   8.75010490       2.31615257       2.95805764    
   8.76010513       2.31252289       2.95974755    
   8.77010536       2.30885792       2.96143627    
   8.78010559       2.30516028       2.96312428    
   8.79010582       2.30142856       2.96481133    
   8.80010605       2.29766250       2.96649718    
   8.81010628       2.29386163       2.96818233    
   8.82010651       2.29002714       2.96986651    
   8.83010674       2.28615737       2.97154951    
   8.84010696       2.28225327       2.97323179    
   8.85010719       2.27831459       2.97491288    
   8.86010742       2.27434063       2.97659326    
   8.87010765       2.27033138       2.97827268    
   8.88010788       2.26628685       2.97995090    
   8.89010811       2.26220727       2.98162842    
   8.90010834       2.25809145       2.98330498    
   8.91010857       2.25394058       2.98498058    
   8.92010880       2.24975443       2.98665524    
   8.93010902       2.24553132       2.98832870    
   8.94010925       2.24127150       2.99000144    
   8.95010948       2.23697710       2.99167347    
   8.96010971       2.23264599       2.99334431    
   8.97010994       2.22827768       2.99501419    
   8.98011017       2.22387314       2.99668312    
   8.99011040       2.21943235       2.99835134    
   9.00011063       2.21495366       3.00001836    
   9.01011086       2.21043825       3.00168467    
   9.02011108       2.20588636       3.00335002    
   9.03011131       2.20129657       3.00501442    
   9.04011154       2.19666862       3.00667787    
   9.05011177       2.19200373       3.00834036    
   9.06011200       2.18730116       3.01000190    
   9.07011223       2.18256021       3.01166272    
   9.08011246       2.17778206       3.01332259    
   9.09011269       2.17296576       3.01498127    
   9.10011292       2.16811037       3.01663923    
   9.11011314       2.16321635       3.01829648    
   9.12011337       2.15828490       3.01995254    
   9.13011360       2.15331364       3.02160788    
   9.14011383       2.14830351       3.02326202    
   9.15011406       2.14325452       3.02491546    
   9.16011429       2.13816690       3.02656817    
   9.17011452       2.13303900       3.02821970    
   9.18011475       2.12787247       3.02987051    
   9.19011497       2.12266636       3.03152013    
   9.20011520       2.11741972       3.03316927    
   9.21011543       2.11213303       3.03481722    
   9.22011566       2.10680795       3.03646445    
   9.23011589       2.10144138       3.03811049    
   9.24011612       2.09603429       3.03975582    
   9.25011635       2.09058714       3.04140043    
   9.26011658       2.08509946       3.04304385    
   9.27011681       2.07957029       3.04468656    
   9.28011703       2.07400107       3.04632854    
   9.29011726       2.06838989       3.04796934    
   9.30011749       2.06273794       3.04960942    
   9.31011772       2.05704451       3.05124855    
   9.32011795       2.05130982       3.05288672    
   9.33011818       2.04553342       3.05452418    
   9.34011841       2.03971457       3.05616069    
   9.35011864       2.03385472       3.05779648    
   9.36011887       2.02795243       3.05943108    
   9.37011909       2.02200723       3.06106496    
   9.38011932       2.01602030       3.06269813    
   9.39011955       2.00999069       3.06433010    
   9.40011978       2.00391769       3.06596136    
   9.41012001       1.99780202       3.06759191    
   9.42012024       1.99164438       3.06922150    
   9.43012047       1.98544264       3.07085013    
   9.44012070       1.97919703       3.07247806    
   9.45012093       1.97290921       3.07410479    
   9.46012115       1.96657705       3.07573104    
   9.47012138       1.96020103       3.07735634    
   9.48012161       1.95378137       3.07898068    
   9.49012184       1.94731736       3.08060408    
   9.50012207       1.94080901       3.08222675    
   9.51012230       1.93425679       3.08384871    
   9.52012253       1.92765975       3.08546948    
   9.53012276       1.92101717       3.08708978    
   9.54012299       1.91433024       3.08870888    
   9.55012321       1.90759921       3.09032726    
   9.56012344       1.90082216       3.09194493    
   9.57012367       1.89399934       3.09356165    
   9.58012390       1.88713193       3.09517741    
   9.59012413       1.88021851       3.09679246    
   9.60012436       1.87325954       3.09840679    
   9.61012459       1.86625409       3.10002017    
   9.62012482       1.85920310       3.10163260    
   9.63012505       1.85210514       3.10324430    
   9.64012527       1.84496045       3.10485506    
   9.65012550       1.83777046       3.10646510    
   9.66012573       1.83053303       3.10807419    
   9.67012596       1.82324791       3.10968256    
   9.68012619       1.81591654       3.11129022    
   9.69012642       1.80853796       3.11289668    
   9.70012665       1.80111170       3.11450267    
   9.71012688       1.79363847       3.11610770    
   9.72012711       1.78611755       3.11771178    
   9.73012733       1.77854800       3.11931515    
   9.74012756       1.77093053       3.12091780    
   9.75012779       1.76326489       3.12251949    
   9.76012802       1.75555182       3.12412047    
   9.77012825       1.74778891       3.12572050    
   9.78012848       1.73997831       3.12731981    
   9.79012871       1.73211837       3.12891817    
   9.80012894       1.72420907       3.13051581    
   9.81012917       1.71625090       3.13211250    
   9.82012939       1.70824409       3.13370848    
   9.83012962       1.70018744       3.13530374    
   9.84012985       1.69208026       3.13689804    
   9.85013008       1.68392420       3.13849163    
   9.86013031       1.67571831       3.14008451    
   9.87013054       1.66746092       3.14167643    
   9.88013077       1.65915489       3.14326763    
   9.89013100       1.65079761       3.14485788    
   9.90013123       1.64238954       3.14644742    
   9.91013145       1.63393068       3.14803624    
   9.92013168       1.62542105       3.14962411    
   9.93013191       1.61686015       3.15121126    
   9.94013214       1.60824776       3.15279746    
   9.95013237       1.59958386       3.15438294    
   9.96013260       1.59086871       3.15596771    
   9.97013283       1.58210182       3.15755177    
   9.98013306       1.57328248       3.15913486    
   9.99013329       1.56441212       3.16071725    
