   1.00000000       1.30036724E-05
   1.10000002       1.51998602E-05
   1.20000005       1.76263311E-05
   1.29999995       2.03045201E-05
   1.39999998       2.32587718E-05
   1.50000000       2.65184917E-05
   1.60000002       3.01071523E-05
   1.70000005       3.40546503E-05
   1.79999995       3.84035120E-05
   1.90000010       4.31917324E-05
   2.00000000       4.84540142E-05
   2.09999990       5.42426023E-05
   2.20000005       6.06077665E-05
   2.30000019       6.76051059E-05
   2.40000010       7.53008717E-05
   2.50000000       8.37559273E-05
   2.59999990       9.30429815E-05
   2.70000005       1.03257036E-04
   2.80000019       1.14470800E-04
   2.90000010       1.26792089E-04
   3.00000000       1.40327771E-04
   3.10000014       1.55210917E-04
   3.20000005       1.71560998E-04
   3.29999995       1.89533879E-04
   3.40000010       2.09286212E-04
   3.50000000       2.31024955E-04
   3.60000014       2.54935614E-04
   3.70000005       2.81219603E-04
   3.79999995       3.10168223E-04
   3.90000010       3.42006679E-04
   4.00000000       3.77086370E-04
   4.10000038       4.15686227E-04
   4.19999981       4.58222436E-04
   4.30000019       5.05072065E-04
   4.40000010       5.56736893E-04
   4.50000000       6.13713812E-04
   4.60000038       6.76555326E-04
   4.69999981       7.46020814E-04
   4.80000019       8.22705217E-04
   4.90000010       9.07464419E-04
   5.00000000       1.00112928E-03
   5.09999990       1.10499084E-03
   5.20000029       1.21973117E-03
   5.30000019       1.34694972E-03
   5.40000010       1.48808316E-03
   5.50000000       1.64449285E-03
   5.59999990       1.81811990E-03
   5.70000029       2.01107049E-03
   5.80000019       2.22551357E-03
   5.90000010       2.46462063E-03
   6.00000000       2.72968272E-03
   6.09999990       3.02581070E-03
   6.20000029       3.35651869E-03
   6.30000019       3.72391986E-03
   6.40000010       4.13762266E-03
   6.50000000       4.59895283E-03
   6.59999990       5.11633465E-03
   6.70000029       5.69633069E-03
   6.80000019       6.34750910E-03
   6.90000010       7.07962550E-03
   7.00000000       7.90416356E-03
   7.09999990       8.83368589E-03
   7.20000029       9.88288410E-03
   7.30000019       1.10665737E-02
   7.40000010       1.24075990E-02
   7.50000000       1.39278974E-02
   7.59999990       1.56532340E-02
   7.70000029       1.76148321E-02
   7.80000019       1.98491514E-02
   7.90000010       2.23949850E-02
   8.00000000       2.53071655E-02
   8.10000038       2.86371838E-02
   8.20000076       3.24572958E-02
   8.30000019       3.68505120E-02
   8.39999962       4.19040173E-02
   8.50000000       4.77291271E-02
   8.60000038       5.44587038E-02
   8.70000076       6.22436516E-02
   8.80000019       7.12686256E-02
   8.89999962       8.17371607E-02
   9.00000000       9.39151347E-02
   9.10000038      0.108042262    
   9.19999981      0.124494135    
   9.30000019      0.143629700    
   9.40000057      0.165867999    
   9.50000000      0.191666797    
   9.60000038      0.221523583    
   9.69999981      0.255908936    
   9.80000019      0.295205921    
   9.90000057      0.340029210    
   10.0000000      0.390264332    
   10.1000004      0.446003288    
   10.1999998      0.506615937    
   10.3000002      0.571177602    
   10.4000006      0.638102651    
   10.5000000      0.705305099    
   10.6000004      0.770358682    
   10.6999998      0.830420256    
   10.8000002      0.883226514    
   10.9000006      0.926869690    
   11.0000000      0.960239470    
   11.1000004      0.983083010    
   11.1999998      0.995983362    
   11.3000002       1.00010538    
   11.4000006      0.996918678    
   11.5000000      0.988064229    
   11.6000004      0.974971175    
   11.6999998      0.959350109    
   11.8000002      0.942020416    
   11.9000006      0.923968256    
   12.0000000      0.905917764    
   12.1000004      0.888405204    
   12.1999998      0.871693313    
   12.3000002      0.856109619    
   12.4000006      0.841788352    
   12.5000000      0.828775287    
   12.6000004      0.817129493    
   12.6999998      0.806558788    
   12.8000002      0.797904849    
   12.9000006      0.790264904    
   13.0000000      0.783865809    
   13.1000004      0.778684080    
   13.1999998      0.774642766    
   13.3000002      0.771694541    
   13.4000006      0.769757211    
   13.5000000      0.768794715    
   13.6000004      0.768740892    
   13.6999998      0.769522667    
   13.8000002      0.771129608    
   13.9000006      0.773511529    
   14.0000000      0.776612520    
   14.1000004      0.780270517    
   14.1999998      0.784591019    
   14.3000002      0.789475918    
   14.4000006      0.794816196    
   14.5000000      0.800684154    
   14.6000004      0.806896269    
   14.6999998      0.813511074    
   14.8000002      0.820464849    
   14.9000006      0.827675045    
   15.0000000      0.835140824    
   15.1000004      0.842804015    
   15.1999998      0.850610793    
   15.3000002      0.858551681    
   15.4000006      0.866507053    
   15.5000000      0.874587536    
   15.6000004      0.882616401    
   15.6999998      0.890607953    
   15.8000002      0.898515224    
   15.9000006      0.906291425    
   16.0000000      0.913916051    
   16.1000004      0.921339810    
   16.2000008      0.928567350    
   16.2999992      0.935530066    
   16.4000015      0.942216814    
   16.5000000      0.948588789    
   16.6000004      0.954635978    
   16.7000008      0.960259914    
   16.7999992      0.965665758    
   16.9000015      0.970626891    
   17.0000000      0.975192428    
   17.1000004      0.979312658    
   17.2000008      0.983105004    
   17.3000011      0.986515760    
   17.3999996      0.989497185    
   17.5000000      0.992087185    
   17.6000004      0.994293094    
   17.7000008      0.996125877    
   17.8000011      0.997594059    
   17.8999996      0.998720050    
   18.0000000      0.999510288    
   18.1000004      0.999983072    
   18.2000008       1.00015593    
   18.3000011       1.00004995    
   18.3999996      0.999679804    
   18.5000000      0.999060333    
   18.6000004      0.998219311    
   18.7000008      0.997158408    
   18.8000011      0.995921612    
   18.8999996      0.994514227    
   19.0000000      0.992946804    
   19.1000004      0.991211832    
   19.2000008      0.989382267    
   19.3000011      0.987537980    
   19.3999996      0.985552728    
   19.5000000      0.983500719    
   19.6000004      0.981399477    
   19.7000008      0.979239821    
   19.8000011      0.977129042    
   19.8999996      0.974961877    
   20.0000000      0.972833812    
   20.1000004      0.970681131    
   20.2000008      0.968599260    
   20.3000011      0.966529250    
   20.3999996      0.964523792    
   20.5000000      0.962568820    
   20.6000004      0.960656941    
   20.7000008      0.958835125    
   20.8000011      0.957090378    
   20.8999996      0.955448866    
   21.0000000      0.953823626    
   21.1000004      0.952310264    
   21.2000008      0.950901210    
   21.3000011      0.949562907    
   21.3999996      0.948325515    
   21.5000000      0.947297812    
   21.6000004      0.946051121    
   21.7000008      0.945175648    
   21.8000011      0.944298446    
   21.8999996      0.943537831    
   22.0000000      0.942874551    
   22.1000004      0.942304015    
   22.2000008      0.941851735    
   22.3000011      0.941439807    
   22.3999996      0.941144586    
   22.5000000      0.940960705    
   22.6000004      0.940858722    
   22.7000008      0.940853238    
   22.8000011      0.940928459    
   22.8999996      0.941110134    
   23.0000000      0.941381276    
   23.1000004      0.941706896    
   23.2000008      0.942125261    
   23.3000011      0.942627311    
   23.3999996      0.943243086    
   23.5000000      0.943872273    
   23.6000004      0.944580197    
   23.7000008      0.945389032    
   23.8000011      0.946227670    
   23.8999996      0.947155952    
   24.0000000      0.948128223    
   24.1000004      0.949145198    
   24.2000008      0.950208962    
   24.3000011      0.951300323    
   24.3999996      0.952580452    
   24.5000000      0.953670740    
   24.6000004      0.954853237    
   24.7000008      0.956096292    
   24.8000011      0.957359970    
   24.8999996      0.958640218    
   25.0000000      0.959942579    
   25.1000004      0.961252689    
   25.2000008      0.962581515    
   25.3000011      0.963920295    
   25.3999996      0.965251863    
   25.5000000      0.966595531    
   25.6000004      0.967938483    
   25.7000008      0.969281971    
   25.8000011      0.970613658    
   25.8999996      0.971950591    
