   1.99999996E-02  0.995801628    
   2.99999993E-02  0.990561664    
   3.99999991E-02  0.983241081    
   4.99999970E-02  0.973855257    
   5.99999987E-02  0.962423921    
   7.00000003E-02  0.948971033    
   7.99999982E-02  0.933524907    
   8.99999961E-02  0.916117966    
   9.99999940E-02  0.896786749    
  0.109999999      0.875571847    
  0.119999997      0.852517843    
  0.129999995      0.827673197    
  0.140000001      0.801090062    
  0.149999991      0.772824287    
  0.159999996      0.742935240    
  0.170000002      0.711485684    
  0.179999992      0.678541660    
  0.189999998      0.644172370    
  0.199999988      0.608450055    
  0.209999993      0.571449697    
  0.219999999      0.533249021    
  0.229999989      0.493928283    
  0.239999995      0.453570068    
  0.250000000      0.412259161    
  0.259999990      0.370082319    
  0.269999981      0.327128142    
  0.280000001      0.283486843    
  0.289999992      0.239250094    
  0.299999982      0.194510818    
  0.310000002      0.149362981    
  0.319999993      0.103901416    
  0.329999983       5.82216121E-02
  0.340000004       1.24195162E-02
  0.349999994      -3.34086679E-02
  0.359999985      -7.91666806E-02
  0.370000005     -0.124758407    
  0.379999995     -0.170088083    
  0.389999986     -0.215060502    
  0.399999976     -0.259581208    
  0.409999996     -0.303556681    
  0.419999987     -0.346894562    
  0.429999977     -0.389503807    
  0.439999998     -0.431294918    
  0.449999988     -0.472180128    
  0.459999979     -0.512073576    
  0.469999999     -0.550891459    
  0.479999989     -0.588552237    
  0.489999980     -0.624976814    
  0.500000000     -0.660088658    
  0.509999990     -0.693814039    
  0.519999981     -0.726082087    
  0.529999971     -0.756825030    
  0.539999962     -0.785978317    
  0.550000012     -0.813480675    
  0.560000002     -0.839274347    
  0.569999993     -0.863305151    
  0.579999983     -0.885522604    
  0.589999974     -0.905880034    
  0.599999964     -0.924334705    
  0.610000014     -0.940847874    
  0.620000005     -0.955384851    
  0.629999995     -0.967915118    
  0.639999986     -0.978412330    
  0.649999976     -0.986854434    
  0.659999967     -0.993223727    
  0.669999957     -0.997506797    
  0.680000007     -0.999694645    
  0.689999998     -0.999782681    
  0.699999988     -0.997770727    
  0.709999979     -0.993663013    
  0.719999969     -0.987468183    
  0.729999959     -0.979199231    
  0.740000010     -0.968873501    
  0.750000000     -0.956512690    
  0.759999990     -0.942142785    
  0.769999981     -0.925793946    
  0.779999971     -0.907500505    
  0.789999962     -0.887300909    
  0.799999952     -0.865237594    
  0.810000002     -0.841356874    
  0.819999993     -0.815708935    
  0.829999983     -0.788347661    
  0.839999974     -0.759330511    
  0.849999964     -0.728718400    
  0.859999955     -0.696575642    
  0.870000005     -0.662969768    
  0.879999995     -0.627971351    
  0.889999986     -0.591653883    
  0.899999976     -0.554093659    
  0.909999967     -0.515369594    
  0.919999957     -0.475563020    
  0.930000007     -0.434757560    
  0.939999998     -0.393038929    
  0.949999988     -0.350494742    
  0.959999979     -0.307214350    
  0.969999969     -0.263288677    
  0.979999959     -0.218809977    
  0.989999950     -0.173871681    
   1.00000000     -0.128568172    
   1.00999999      -8.29946101E-02
   1.01999998      -3.72467227E-02
   1.02999997       8.57939944E-03
   1.03999996       5.43875024E-02
   1.04999995      0.100081369    
   1.05999994      0.145565018    
   1.06999993      0.190742910    
   1.07999992      0.235520154    
   1.09000003      0.279802710    
   1.10000002      0.323497564    
   1.11000001      0.366512924    
   1.12000000      0.408758432    
   1.13000000      0.450145364    
   1.13999999      0.490586787    
   1.14999998      0.529997766    
   1.15999997      0.568295538    
   1.16999996      0.605399609    
   1.17999995      0.641232073    
   1.18999994      0.675717652    
   1.19999993      0.708783925    
   1.20999992      0.740361452    
   1.22000003      0.770383894    
   1.23000002      0.798788190    
   1.24000001      0.825514674    
   1.25000000      0.850507200    
   1.25999999      0.873713255    
   1.26999998      0.895084143    
   1.27999997      0.914574921    
   1.28999996      0.932144701    
   1.29999995      0.947756529    
   1.30999994      0.961377621    
   1.31999993      0.972979367    
   1.32999992      0.982537389    
   1.33999991      0.990031660    
   1.35000002      0.995446444    
   1.36000001      0.998770356    
   1.37000000      0.999996424    
   1.38000000      0.999122024    
   1.38999999      0.996149004    
   1.39999998      0.991083622    
   1.40999997      0.983936548    
   1.41999996      0.974722743    
   1.42999995      0.963461578    
   1.43999994      0.950176716    
   1.44999993      0.934896052    
   1.45999992      0.917651713    
   1.46999991      0.898479879    
   1.48000002      0.877420843    
   1.49000001      0.854518831    
   1.50000000      0.829821944    
   1.50999999      0.803382039    
   1.51999998      0.775254667    
   1.52999997      0.745498896    
   1.53999996      0.714177251    
   1.54999995      0.681355536    
   1.55999994      0.647102654    
   1.56999993      0.611490548    
   1.57999992      0.574594021    
   1.58999991      0.536490560    
   1.59999990      0.497260213    
   1.61000001      0.456985384    
   1.62000000      0.415750682    
   1.63000000      0.373642713    
   1.63999999      0.330749929    
   1.64999998      0.287162423    
   1.65999997      0.242971748    
   1.66999996      0.198270723    
   1.67999995      0.153153241    
   1.68999994      0.107714064    
   1.69999993       6.20486401E-02
   1.70999992       1.62528865E-02
   1.71999991      -2.95770057E-02
   1.73000002      -7.53447711E-02
   1.74000001     -0.120954275    
   1.75000000     -0.166309714    
   1.75999999     -0.211315826    
   1.76999998     -0.255878091    
   1.77999997     -0.299902886    
   1.78999996     -0.343297750    
   1.79999995     -0.385971546    
   1.80999994     -0.427834630    
   1.81999993     -0.468799055    
   1.82999992     -0.508778811    
   1.83999991     -0.547689915    
   1.84999990     -0.585450649    
   1.86000001     -0.621981680    
   1.87000000     -0.657206297    
   1.88000000     -0.691050470    
   1.88999999     -0.723443151    
   1.89999998     -0.754316270    
   1.90999997     -0.783604980    
   1.91999996     -0.811247766    
   1.92999995     -0.837186575    
   1.93999994     -0.861366928    
   1.94999993     -0.883738041    
   1.95999992     -0.904252887    
   1.96999991     -0.922868371    
   1.97999990     -0.939545393    
   1.99000001     -0.954248965    
   2.00000000     -0.966948211    
   2.00999999     -0.977616429    
   2.01999998     -0.986231208    
   2.02999997     -0.992774427    
   2.03999996     -0.997232378    
   2.04999995     -0.999595702    
   2.05999994     -0.999859452    
   2.06999993     -0.998023033    
   2.07999992     -0.994090319    
   2.08999991     -0.988069594    
   2.09999990     -0.979973495    
   2.10999990     -0.969819009    
   2.11999989     -0.957627475    
   2.12999988     -0.943424463    
   2.13999987     -0.927239835    
   2.14999986     -0.909107566    
   2.15999985     -0.889065742    
   2.16999984     -0.867156506    
   2.18000007     -0.843425870    
   2.19000006     -0.817923665    
   2.20000005     -0.790703475    
   2.21000004     -0.761822462    
   2.22000003     -0.731341302    
   2.23000002     -0.699324012    
   2.24000001     -0.665837824    
   2.25000000     -0.630953074    
   2.25999999     -0.594743013    
   2.26999998     -0.557283700    
   2.27999997     -0.518653810    
   2.28999996     -0.478934526    
   2.29999995     -0.438209265    
   2.30999994     -0.396563560    
   2.31999993     -0.354084879    
   2.32999992     -0.310862452    
   2.33999991     -0.266987085    
   2.34999990     -0.222550929    
   2.35999990     -0.177647308    
   2.36999989     -0.132370546    
   2.37999988      -8.68157446E-02
   2.38999987      -4.10785899E-02
   2.39999986       4.74484824E-03
   2.40999985       5.05583212E-02
   2.41999984       9.62655991E-02
   2.42999983      0.141770676    
   2.44000006      0.186977968    
   2.45000005      0.231792524    
   2.46000004      0.276120216    
   2.47000003      0.319867939    
   2.48000002      0.362943798    
   2.49000001      0.405257314    
   2.50000000      0.446719617    
   2.50999999      0.487243593    
   2.51999998      0.526744127    
   2.52999997      0.565138280    
   2.53999996      0.602345407    
   2.54999995      0.638287365    
   2.55999994      0.672888637    
   2.56999993      0.706076562    
   2.57999992      0.737781405    
   2.58999991      0.767936587    
   2.59999990      0.796478748    
   2.60999990      0.823347926    
   2.61999989      0.848487675    
   2.62999988      0.871845245    
   2.63999987      0.893371522    
   2.64999986      0.913021326    
   2.65999985      0.930753350    
   2.66999984      0.946530402    
   2.67999983      0.960319340    
   2.69000006      0.972091198    
   2.70000005      0.981821239    
   2.71000004      0.989489019    
   2.72000003      0.995078444    
   2.73000002      0.998577774    
   2.74000001      0.999979615    
   2.75000000      0.999281049    
   2.75999999      0.996483564    
   2.76999998      0.991593003    
   2.77999997      0.984619677    
   2.78999996      0.975578189    
   2.79999995      0.964487553    
   2.80999994      0.951371074    
   2.81999993      0.936256289    
   2.82999992      0.919174969    
   2.83999991      0.900162995    
   2.84999990      0.879260302    
   2.85999990      0.856510758    
   2.86999989      0.831962168    
   2.87999988      0.805666089    
   2.88999987      0.777677774    
   2.89999986      0.748055995    
   2.90999985      0.716862977    
   2.91999984      0.684164226    
   2.92999983      0.650028408    
   2.93999982      0.614527225    
   2.95000005      0.577735245    
   2.96000004      0.539729774    
   2.97000003      0.500590622    
   2.98000002      0.460400015    
   2.99000001      0.419242352    
   3.00000000      0.377204090    
   3.00999999      0.334373534    
   3.01999998      0.290840656    
   3.02999997      0.246696874    
   3.03999996      0.202034920    
   3.04999995      0.156948596    
   3.05999994      0.111532606    
   3.06999993       6.58823475E-02
   3.07999992       2.00937055E-02
   3.08999991      -2.57371422E-02
   3.09999990      -7.15139285E-02
   3.10999990     -0.117140502    
   3.11999989     -0.162521034    
   3.12999988     -0.207560197    
   3.13999987     -0.252163380    
   3.14999986     -0.296236902    
   3.15999985     -0.339688182    
   3.16999984     -0.382425964    
   3.17999983     -0.424360484    
   3.18999982     -0.465403646    
   3.19999981     -0.505469263    
   3.21000004     -0.544473171    
   3.22000003     -0.582333446    
   3.23000002     -0.618970573    
   3.24000001     -0.654307604    
   3.25000000     -0.688270271    
   3.25999999     -0.720787287    
   3.26999998     -0.751790345    
   3.27999997     -0.781214297    
   3.28999996     -0.808997333    
   3.29999995     -0.835081100    
   3.30999994     -0.859410822    
   3.31999993     -0.881935418    
   3.32999992     -0.902607560    
   3.33999991     -0.921383798    
   3.34999990     -0.938224733    
   3.35999990     -0.953094959    
   3.36999989     -0.965963244    
   3.37999988     -0.976802588    
   3.38999987     -0.985590219    
   3.39999986     -0.992307663    
   3.40999985     -0.996940792    
   3.41999984     -0.999479890    
   3.42999983     -0.999919653    
   3.43999982     -0.998259127    
   3.44999981     -0.994501829    
   3.46000004     -0.988655627    
   3.47000003     -0.980732799    
   3.48000002     -0.970749974    
   3.49000001     -0.958728135    
   3.50000000     -0.944692552    
   3.50999999     -0.928672671    
   3.51999998     -0.910702169    
   3.52999997     -0.890818775    
   3.53999996     -0.869064271    
   3.54999995     -0.845484316    
   3.55999994     -0.820128441    
   3.56999993     -0.793049932    
   3.57999992     -0.764305651    
   3.58999991     -0.733955979    
   3.59999990     -0.702064693    
   3.60999990     -0.668698728    
   3.61999989     -0.633928180    
   3.62999988     -0.597826123    
   3.63999987     -0.560468376    
   3.64999986     -0.521933377    
   3.65999985     -0.482302070    
   3.66999984     -0.441657722    
   3.67999983     -0.400085688    
   3.68999982     -0.357673287    
   3.69999981     -0.314509600    
   3.70999980     -0.270685315    
   3.72000003     -0.226292476    
   3.73000002     -0.181424320    
   3.74000001     -0.136175096    
   3.75000000      -9.06398445E-02
   3.75999999      -4.49142084E-02
   3.76999998       9.05767898E-04
   3.77999997       4.67238426E-02
   3.78999996       9.24437791E-02
   3.79999995      0.137969539    
   3.80999994      0.183205500    
   3.81999993      0.228056654    
   3.82999992      0.272428781    
   3.83999991      0.316228688    
   3.84999990      0.359364361    
   3.85999990      0.401745200    
   3.86999989      0.443282187    
   3.87999988      0.483888090    
   3.88999987      0.523477614    
   3.89999986      0.561967611    
   3.90999985      0.599277198    
   3.91999984      0.635328054    
   3.92999983      0.670044422    
   3.93999982      0.703353405    
   3.94999981      0.735185027    
   3.95999980      0.765472412    
   3.97000003      0.794151962    
   3.98000002      0.821163416    
   3.99000001      0.846450031    
   4.00000000      0.873158991    
   4.00999975      0.901335180    
   4.01999998      0.931025922    
   4.02999973      0.962281108    
   4.03999996      0.995153248    
   4.04999971       1.02969766    
   4.05999994       1.06597233    
   4.06999969       1.10403824    
   4.07999992       1.14395928    
   4.08999968       1.18580258    
   4.09999990       1.22963846    
   4.11000013       1.27554059    
   4.11999989       1.32358611    
   4.13000011       1.37385571    
   4.13999987       1.42643392    
   4.15000010       1.48140907    
   4.15999985       1.53887355    
   4.17000008       1.59892392    
   4.17999983       1.66166103    
   4.19000006       1.72719038    
   4.19999981       1.79562199    
   4.21000004       1.86707091    
   4.21999979       1.94165719    
   4.23000002       2.01950622    
   4.23999977       2.10074878    
   4.25000000       2.18552136    
   4.25999975       2.27396631    
   4.26999998       2.36623240    
   4.27999973       2.46247458    
   4.28999996       2.56285453    
   4.29999971       2.66754103    
   4.30999994       2.77671003    
   4.31999969       2.89054489    
   4.32999992       3.00923681    
   4.33999968       3.13298535    
   4.34999990       3.26199841    
   4.36000013       3.39649272    
   4.36999989       3.53669429    
   4.38000011       3.68283868    
   4.38999987       3.83517146    
   4.40000010       3.99394870    
   4.40999985       4.15943718    
   4.42000008       4.33191490    
   4.42999983       4.51167202    
   4.44000006       4.69901037    
   4.44999981       4.89424467    
   4.46000004       5.09770298    
   4.46999979       5.30972719    
   4.48000002       5.53067350    
   4.48999977       5.76091337    
   4.50000000       6.00083351    
   4.50999975       6.25083733    
   4.51999998       6.51134491    
   4.52999973       6.78279400    
   4.53999996       7.06564045    
   4.54999971       7.36035967    
   4.55999994       7.66744709    
   4.56999969       7.98741865    
   4.57999992       8.32081223    
   4.58999968       8.66818810    
   4.59999990       9.03012943    
   4.61000013       9.40724468    
   4.61999989       9.80016708    
   4.63000011       10.2095575    
   4.63999987       10.6361036    
   4.65000010       11.0805225    
   4.65999985       11.5435610    
   4.67000008       12.0259972    
   4.67999983       12.5286417    
   4.69000006       13.0523386    
   4.69999981       13.5979681    
   4.71000004       14.1664467    
   4.71999979       14.7587299    
   4.73000002       15.3758135    
   4.73999977       16.0187340    
   4.75000000       16.6885719    
   4.75999975       17.3864536    
   4.76999998       18.1135502    
   4.77999973       18.8710842    
   4.78999996       19.6603279    
   4.79999971       20.4826088    
   4.80999994       21.3393078    
   4.81999969       22.2318649    
   4.82999992       23.1617794    
   4.83999968       24.1306133    
   4.84999990       25.1399956    
   4.85999966       26.1916218    
   4.86999989       27.2872601    
   4.88000011       28.4287510    
   4.88999987       29.6180134    
   4.90000010       30.8570442    
   4.90999985       32.1479263    
   4.92000008       33.4928284    
   4.92999983       34.8940086    
   4.94000006       36.3538246    
   4.94999981       37.8747292    
   4.96000004       39.4592781    
   4.96999979       41.1101341    
   4.98000002       42.8300705    
   4.98999977       44.6219749    
   5.00000000       46.4888611    
   5.00999975       48.2580986    
   5.01999998       49.9259720    
   5.02999973       51.4889793    
   5.03999996       52.9438362    
   5.04999971       54.2874870    
   5.05999994       55.5171089    
   5.06999969       56.6301193    
   5.07999992       57.6241798    
   5.08999968       58.4972038    
   5.09999990       59.2473564    
   5.10999966       59.8730621    
   5.11999989       60.3730087    
   5.13000011       60.7461433    
   5.13999987       60.9916840    
   5.15000010       61.1091156    
   5.15999985       61.0981903    
   5.17000008       60.9589310    
   5.17999983       60.6916313    
   5.19000006       60.2968521    
   5.19999981       59.7754211    
   5.21000004       59.1284332    
   5.21999979       58.3572502    
   5.23000002       57.4634895    
   5.23999977       56.4490280    
   5.25000000       55.3159981    
   5.25999975       54.0667801    
   5.26999998       52.7039986    
   5.27999973       51.2305145    
   5.28999996       49.6494217    
   5.29999971       47.9640427    
   5.30999994       46.1779175    
   5.31999969       44.2947960    
   5.32999992       42.3186340    
   5.33999968       40.2535820    
   5.34999990       38.1039810    
   5.35999966       35.8743439    
   5.36999989       33.5693550    
   5.38000011       31.1938553    
   5.38999987       28.7528343    
   5.40000010       26.2514191    
   5.40999985       23.6948643    
   5.42000008       21.0885391    
   5.42999983       18.4379177    
   5.44000006       15.7485685    
   5.44999981       13.0261402    
   5.46000004       10.2763510    
   5.46999979       7.50497675    
   5.48000002       4.71783876    
   5.48999977       1.92079115    
   5.50000000     -0.880290985    
   5.50999975      -3.67952418    
   5.51999998      -6.47102880    
   5.52999973      -9.24894142    
   5.53999996      -12.0074272    
   5.54999971      -14.7406921    
   5.55999994      -17.4429951    
   5.56999969      -20.1086597    
   5.57999992      -22.7320881    
   5.58999968      -25.3077679    
   5.59999990      -27.8302898    
   5.60999966      -30.2943554    
   5.61999989      -32.6947899    
   5.62999964      -35.0265503    
   5.63999987      -37.2847404    
   5.65000010      -39.4646149    
   5.65999985      -41.5615959    
   5.67000008      -43.5712776    
   5.67999983      -45.4894409    
   5.69000006      -47.3120575    
   5.69999981      -49.0352974    
   5.71000004      -50.6555405    
   5.71999979      -52.1693840    
   5.73000002      -53.5736465    
   5.73999977      -54.8653793    
   5.75000000      -56.0418701    
   5.75999975      -57.1006470    
   5.76999998      -58.0394859    
   5.77999973      -58.8564148    
   5.78999996      -59.5497169    
   5.79999971      -60.1179390    
   5.80999994      -60.5598869    
   5.81999969      -60.8746300    
   5.82999992      -61.0615082    
   5.83999968      -61.1201286    
   5.84999990      -61.0503693    
   5.85999966      -60.8523750    
   5.86999989      -60.5265617    
   5.87999964      -60.0736160    
   5.88999987      -59.4944878    
   5.90000010      -58.7903938    
   5.90999985      -57.9628143    
   5.92000008      -57.0134850    
   5.92999983      -55.9444008    
   5.94000006      -54.7578087    
   5.94999981      -53.4561996    
   5.96000004      -52.0423088    
   5.96999979      -50.5191040    
   5.98000002      -48.8897858    
   5.98999977      -47.1577759    
   6.00000000      -45.3267136    
   6.00999975      -43.4004440    
   6.01999998      -41.3830147    
   6.02999973      -39.2786636    
   6.03999996      -37.0918083    
   6.04999971      -34.8270416    
   6.05999994      -32.4891243    
   6.06999969      -30.0829659    
   6.07999992      -27.6136189    
   6.08999968      -25.0862713    
   6.09999990      -22.5062313    
   6.10999966      -19.8789177    
   6.11999989      -17.2098503    
   6.12999964      -14.5046349    
   6.13999987      -11.7689533    
   6.15000010      -9.00855160    
   6.15999985      -6.22922802    
   6.17000008      -3.43682027    
   6.17999983     -0.637193620    
   6.19000006       2.16377139    
   6.19999981       4.96019173    
   6.21000004       7.74619341    
   6.21999979       10.5159245    
   6.23000002       13.2635670    
   6.23999977       15.9833498    
   6.25000000       18.6695595    
   6.25999975       21.3165550    
   6.26999998       23.9187756    
   6.27999973       26.4707565    
   6.28999996       28.9671364    
   6.29999971       31.4026718    
   6.30999994       33.7722473    
   6.31999969       36.0708847    
   6.32999992       38.2937584    
   6.33999968       40.4361992    
   6.34999990       42.4937057    
   6.35999966       44.4619560    
   6.36999989       46.3368149    
   6.37999964       48.1143456    
   6.38999987       49.7908134    
   6.39999962       51.3626976    
   6.40999985       52.8266983    
   6.42000008       54.1797409    
   6.42999983       55.4189835    
   6.44000006       56.5418205    
   6.44999981       57.5458946    
   6.46000004       58.4290962    
   6.46999979       59.1895714    
   6.48000002       59.8257217    
   6.48999977       60.3362122    
   6.50000000       60.7199707    
   6.50999975       60.9761887    
   6.51999998       61.1043282    
   6.52999973       61.1041222    
   6.53999996       60.9755707    
   6.54999971       60.7189445    
   6.55999994       60.3347816    
   6.56999969       59.8238869    
   6.57999992       59.1873360    
   6.58999968       58.4264641    
   6.59999990       57.5428696    
   6.60999966       56.5384102    
   6.61999989       55.4151955    
   6.62999964       54.1755829    
   6.63999987       52.8221779    
   6.64999962       51.3578224    
   6.65999985       49.7855911    
   6.67000008       48.1087875    
   6.67999983       46.3309326    
   6.69000006       44.4557610    
   6.69999981       42.4872131    
   6.71000004       40.4294243    
   6.71999979       38.2867165    
   6.73000002       36.0635910    
   6.73999977       33.7647171    
   6.75000000       31.3949223    
   6.75999975       28.9591846    
   6.76999998       26.4626198    
   6.77999973       23.9104710    
   6.78999996       21.3080997    
   6.79999971       18.6609726    
   6.80999994       15.9746494    
   6.81999969       13.2547722    
   6.82999992       10.5070543    
   6.83999968       7.73726702    
   6.84999990       4.95122814    
   6.85999966       2.15478945    
   6.86999989     -0.646175265    
   6.87999964      -3.44578266    
   6.88999987      -6.23815250    
   6.89999962      -9.01741982    
   6.90999985      -11.7777462    
   6.92000008      -14.5133343    
   6.92999983      -17.2184372    
   6.94000006      -19.8873730    
   6.94999981      -22.5145359    
   6.96000004      -25.0944080    
   6.96999979      -27.6215706    
   6.98000002      -30.0907154    
   6.98999977      -32.4966545    
   7.00000000      -34.8343353    
   7.00999975      -37.0988503    
   7.01999998      -39.2854424    
   7.02999973      -41.3895187    
   7.03999996      -43.4066582    
   7.04999971      -45.3326225    
   7.05999994      -47.1633682    
   7.06999969      -48.8950500    
   7.07999992      -50.5240288    
   7.08999968      -52.0468826    
   7.09999990      -53.4604149    
   7.10999966      -54.7616577    
   7.11999989      -55.9478760    
   7.12999964      -57.0165787    
   7.13999987      -57.9655228    
   7.14999962      -58.7927132    
   7.15999985      -59.4964142    
   7.17000008      -60.0751457    
   7.17999983      -60.5276909    
   7.19000006      -60.8530998    
   7.19999981      -61.0506897    
   7.21000004      -61.1200447    
   7.21999979      -61.0610199    
   7.23000002      -60.8737411    
   7.23999977      -60.5586014    
   7.25000000      -60.1162605    
   7.25999975      -59.5476494    
   7.26999998      -58.8539619    
   7.27999973      -58.0366554    
   7.28999996      -57.0974464    
   7.29999971      -56.0383072    
   7.30999994      -54.8614616    
   7.31999969      -53.5693817    
   7.32999992      -52.1647835    
   7.33999968      -50.6506157    
   7.34999990      -49.0300598    
   7.35999966      -47.3065186    
   7.36999989      -45.4836121    
   7.37999964      -43.5651703    
   7.38999987      -41.5552216    
   7.39999962      -39.4579887    
   7.40999985      -37.2778778    
   7.41999960      -35.0194664    
   7.42999983      -32.6875000    
   7.44000006      -30.2868748    
   7.44999981      -27.8226337    
   7.46000004      -25.2999535    
   7.46999979      -22.7241325    
   7.48000002      -20.1005802    
   7.48999977      -17.4348068    
   7.50000000      -14.7324123    
   7.50999975      -11.9990730    
   7.51999998      -9.24053001    
   7.52999973      -6.46257782    
   7.53999996      -3.67105126    
   7.54999971     -0.871813834    
   7.55999994       1.92925477    
   7.56999969       4.72627115    
   7.57999992       7.51336002    
   7.58999968       10.2846670    
   7.59999990       13.0343714    
   7.60999966       15.7566977    
   7.61999989       18.4459286    
   7.62999964       21.0964146    
   7.63999987       23.7025890    
   7.64999962       26.2589779    
   7.65999985       28.7602119    
   7.66999960       31.2010365    
   7.67999983       33.5763245    
   7.69000006       35.8810883    
   7.69999981       38.1104851    
   7.71000004       40.2598343    
   7.71999979       42.3246193    
   7.73000002       44.3005028    
   7.73999977       46.1833344    
   7.75000000       47.9691620    
   7.75999975       49.6542320    
   7.76999998       51.2350044    
   7.77999973       52.7081604    
   7.78999996       54.0706062    
   7.79999971       55.3194809    
   7.80999994       56.4521599    
   7.81999969       57.4662628    
   7.82999992       58.3596611    
   7.83999968       59.1304779    
   7.84999990       59.7770958    
   7.85999966       60.2981567    
   7.86999989       60.6925659    
   7.87999964       60.9594917    
   7.88999987       61.0983734    
   7.89999962       61.1089211    
   7.90999985       60.9911118    
   7.91999960       60.7451935    
   7.92999983       60.3716812    
   7.94000006       59.8713608    
   7.94999981       59.2452850    
   7.96000004       58.4947662    
   7.96999979       57.6213837    
   7.98000002       56.6269684    
   7.98999977       55.5136108    
   8.00000000       54.2836494    
   8.01000023       52.9396667    
   8.01999950       51.4844856    
   8.02999973       49.9211655    
   8.03999996       48.2529869    
   8.05000019       46.4834557    
   8.05999947       44.6162872    
   8.06999969       42.6554031    
   8.07999992       40.6049232    
   8.09000015       38.4691544    
   8.09999943       36.2525826    
   8.10999966       33.9598656    
   8.11999989       31.5958176    
   8.13000011       29.1654034    
   8.13999939       26.6737289    
   8.14999962       24.1260281    
   8.15999985       21.5276508    
   8.17000008       18.8840561    
   8.17999935       16.2007961    
   8.18999958       13.4835072    
   8.19999981       10.7378969    
   8.21000004       7.96973228    
   8.22000027       5.18482780    
   8.22999954       2.38903284    
   8.23999977     -0.411780179    
   8.25000000      -3.21172833    
   8.26000023      -6.00493050    
   8.26999950      -8.78551960    
   8.27999973      -11.5476551    
   8.28999996      -14.2855349    
   8.30000019      -16.9934082    
   8.30999947      -19.6655884    
   8.31999969      -22.2964611    
   8.32999992      -24.8805008    
   8.34000015      -27.4122810    
   8.34999943      -29.8864822    
   8.35999966      -32.2979088    
   8.36999989      -34.6414948    
   8.38000011      -36.9123192    
   8.38999939      -39.1056099    
   8.39999962      -41.2167625    
   8.40999985      -43.2413406    
   8.42000008      -45.1750908    
   8.42999935      -47.0139542    
   8.43999958      -48.7540665    
   8.44999981      -50.3917732    
   8.46000004      -51.9236336    
   8.47000027      -53.3464317    
   8.47999954      -54.6571770    
   8.48999977      -55.8531189    
   8.50000000      -56.9317436    
   8.51000023      -57.8907852    
   8.51999950      -58.7282295    
   8.52999973      -59.4423180    
   8.53999996      -60.0315514    
   8.55000019      -60.4946899    
   8.55999947      -60.8307610    
   8.56999969      -61.0390587    
   8.57999992      -61.1191483    
   8.59000015      -61.0708618    
   8.59999943      -60.8942986    
   8.60999966      -60.5898285    
   8.61999989      -60.1580925    
   8.63000011      -59.5999985    
   8.63999939      -58.9167175    
   8.64999962      -58.1096840    
   8.65999985      -57.1805954    
   8.67000008      -56.1314011    
   8.67999935      -54.9643059    
   8.68999958      -53.6817627    
   8.69999981      -52.2864647    
   8.71000004      -50.7813416    
   8.72000027      -49.1695557    
   8.72999954      -47.4544907    
   8.73999977      -45.6397514    
   8.75000000      -43.7291489    
   8.76000023      -41.7266960    
   8.76999950      -39.6365967    
   8.77999973      -37.4632416    
   8.78999996      -35.2111969    
   8.80000019      -32.8851929    
   8.80999947      -30.4901142    
   8.81999969      -28.0309925    
   8.82999992      -25.5129929    
   8.84000015      -22.9414043    
   8.84999943      -20.3216286    
   8.85999966      -17.6591682    
   8.86999989      -14.9596157    
   8.88000011      -12.2286415    
   8.88999939      -9.47198200    
   8.89999962      -6.69542694    
   8.90999985      -3.90480852    
   8.92000008      -1.10598826    
   8.92999935       1.69515502    
   8.93999958       4.49273777    
   8.94999981       7.28088379    
   8.96000004       10.0537367    
   8.97000027       12.8054724    
   8.97999954       15.5303106    
   8.98999977       18.2225285    
   9.00000000       20.8764706    
   9.01000023       23.4865627    
   9.01999950       26.0473232    
   9.02999973       28.5533733    
   9.03999996       30.9994488    
   9.05000019       33.3804131    
   9.05999947       35.6912651    
   9.06999969       37.9271507    
   9.07999992       40.0833740    
   9.09000015       42.1554031    
   9.09999943       44.1388855    
   9.10999966       46.0296555    
   9.11999989       47.8237419    
   9.13000011       49.5173759    
   9.13999939       51.1070023    
   9.14999962       52.5892792    
   9.15999985       53.9610939    
   9.17000008       55.2195663    
   9.17999935       56.3620529    
   9.18999958       57.3861542    
   9.19999981       58.2897186    
   9.21000004       59.0708466    
   9.22000027       59.7278976    
   9.22999954       60.2594948    
   9.23999977       60.6645203    
   9.25000000       60.9421234    
   9.26000023       61.0917206    
   9.26999950       61.1129990    
   9.27999973       61.0059128    
   9.28999996       60.7706871    
   9.30000019       60.4078140    
   9.30999947       59.9180565    
   9.31999969       59.3024445    
   9.32999992       58.5622711    
   9.34000015       57.6990891    
   9.34999943       56.7147141    
   9.35999966       55.6112137    
   9.36999989       54.3909035    
   9.38000011       53.0563469    
   9.38999939       51.6103477    
   9.39999962       50.0559425    
   9.40999985       48.3963966    
   9.42000008       46.6351967    
   9.42999935       44.7760429    
   9.43999958       42.8228378    
   9.44999981       40.7796860    
   9.46000004       38.6508789    
   9.46999931       36.4408875    
   9.47999954       34.1543541    
   9.48999977       31.7960815    
   9.50000000       29.3710232    
   9.51000023       26.8842716    
   9.51999950       24.3410511    
   9.52999973       21.7467041    
   9.53999996       19.1066799    
   9.55000019       16.4265232    
   9.55999947       13.7118635    
   9.56999969       10.9684029    
   9.57999992       8.20190334    
   9.59000015       5.41817617    
   9.59999943       2.62306833    
   9.60999966     -0.177549139    
   9.61999989      -2.97779369    
   9.63000011      -5.77178335    
   9.63999939      -8.55364990    
   9.64999962      -11.3175497    
   9.65999985      -14.0576773    
   9.67000008      -16.7682781    
   9.67999935      -19.4436588    
   9.68999958      -22.0781994    
   9.69999981      -24.6663666    
   9.71000004      -27.2027225    
   9.71999931      -29.6819401    
   9.72999954      -32.0988121    
   9.73999977      -34.4482613    
   9.75000000      -36.7253532    
   9.76000023      -38.9253044    
   9.76999950      -41.0434952    
   9.77999973      -43.0754776    
   9.78999996      -45.0169830    
   9.80000019      -46.8639336    
   9.80999947      -48.6124496    
   9.81999969      -50.2588577    
   9.82999992      -51.7996979    
   9.84000015      -53.2317352    
   9.84999943      -54.5519638    
   9.85999966      -55.7576103    
   9.86999989      -56.8461418    
   9.88000011      -57.8152695    
   9.88999939      -58.6629601    
   9.89999962      -59.3874321    
   9.90999985      -59.9871635    
   9.92000008      -60.4608955    
   9.92999935      -60.8076324    
   9.93999958      -61.0266457    
   9.94999981      -61.1174736    
   9.96000004      -61.0799255    
   9.96999931      -60.9140816    
   9.97999954      -60.6202888    
   9.98999977      -60.1991653    
